-7233220.474347262 -167464.6244237137 14606.77664439007 -5.243469 1160.65545 7329.834189 
-7232714.20276847 -153241.8151741622 104342.8714726928 87.94635336694297 1162.72144636635 7329.067909793624 
-7231067.05263257 -138994.8337809088 194062.5073155598 181.1255416605063 1164.604105235087 7327.145506584962 
-7228279.244058098 -124725.9267804515 283751.5308532368 274.2794060694342 1166.303117054914 7324.067201945748 
-7224351.177002328 -110437.3443224519 373395.7926052505 367.3932587208866 1167.818201147489 7319.833400481147 
-7219283.431223418 -96131.33981591907 462981.1491590064 460.4524159884672 1169.149105759598 7314.444688817104 
-7213076.766214286 -81810.16957478003 552493.4653980577 553.4422008008836 1170.295608110831 7307.901835559203 
-7205732.121108221 -67476.09246289574 641918.6167296955 646.3479449508818 1171.257514436742 7300.205791223008 
-7197250.614556226 -53131.36953857549 731242.4913115118 739.1549914040944 1172.034660027493 7291.357688135872 
-7187633.544576095 -38778.26369864609 820450.9922765861 831.8486966074437 1172.626909261969 7281.358840310198 
-7176882.388373239 -24419.03932213129 909530.0399569442 924.4144327967388 1173.034155637341 7270.210743288123 
-7164998.802133253 -10055.96191359705 998465.5741049418 1016.837590303105 1173.256321794087 7257.915073957639 
-7151984.62078627 4308.702253781652 1087243.556112221 1109.103579857883 1173.293359536442 7244.473690340129 
-7137841.857743097 18672.68649537635 1175849.971225892 1201.197834895635 1173.145249848284 7229.88863134933 
-7122572.704603171 33033.72407242713 1264270.830761587 1293.105813854901 1172.812002904443 7214.162116521723 
-7106179.530834363 47389.54854947508 1352492.174313038 1384.813002476326 1172.29365807742 7197.296545718359 
-7088664.883424665 61737.89415184883 1440500.071957834 1476.304916097808 1171.590283939518 7179.294498798139 
-7070031.486505794 76076.49612314916 1528280.626458998 1567.567101946306 1170.701978260379 7160.158735262563 
-7050282.240948766 90403.09108267521 1615819.975462041 1658.58514142592 1169.628867999913 7139.892193871975 
-7029420.223931468 104715.417382736 1703104.293687148 1749.344652401907 1168.37110929663 7118.497992233327 
-7007448.688478315 119011.2154657906 1790119.795116134 1839.831291480246 1166.928887451352 7095.979426359498 
-6984371.062972005 133288.2282213614 1876852.735173842 1930.030756282397 1165.302416906326 7072.339970200202 
-6960190.950637471 147544.2013426624 1963289.412903614 2019.928787714888 1163.49194121971 7047.583275144533 
-6934912.128998069 161776.8836828877 2049416.173136503 2109.511172233359 1161.497733035456 7021.713169495188 
-6908538.549304093 175984.0276111024 2135219.408653877 2198.763744100703 1159.320094048569 6994.733657914413 
-6881074.335933674 190163.3893676806 2220685.562343059 2287.67238763894 1156.959354965753 6966.648920841747 
-6852523.785766151 204312.7294192327 2305801.129345678 2376.22303947445 1154.415875461445 6937.4633138836 
-6822891.367527998 218429.8128129666 2390552.65919836 2464.401690776213 1151.690044129233 6907.181367174749 
-6792181.721111393 232512.4095304256 2474926.757965445 2552.19438948668 1148.78227842867 6875.80778471181 
-6760399.656865515 246558.2948405469 2558910.090363358 2639.587242544914 1145.69302462747 6843.347443658773 
-6727550.154860682 260565.2496519847 2642489.381876322 2726.566418101646 1142.422757739111 6809.805393624659 
-6693638.364125415 274531.0608646409 2725651.420863044 2813.118147725868 1138.971981455838 6775.186855913404 
-6658669.60185654 288453.5217203469 2808383.060654055 2899.228728602609 1135.341228077071 6739.497222746047 
-6622649.352602441 302330.4321526422 2890671.221639356 2984.884525721536 1131.531058433228 6702.742056455317 
-6585583.267419573 316159.5991355906 2972502.893346034 3070.071974056009 1127.542061804964 6664.927088652717 
-6547477.163002361 329938.837031581 3053865.136505515 3154.777580732231 1123.374855837851 6626.058219368214 
-6508337.020786599 343665.9679380552 3134745.085110119 3238.987927188146 1119.03008645248 6586.141516162625 
-6468168.98602649 357338.8220331067 3215129.94845857 3322.689671321704 1114.50842775002 6545.183213212836 
-6426979.366845441 370955.2379198966 3295007.013190155 3405.869549628156 1109.810581913229 6503.189710369954 
-6384774.633260768 384513.0629698286 3374363.645307182 3488.514379326011 1104.93727910293 6460.167572190516 
-6341561.416182443 398010.1536644296 3453187.292185404 3570.611060471301 1099.889277349977 6416.123526940882 
-6297346.506386024 411444.3759358795 3531465.484572105 3652.1465780598 1094.667362442697 6371.064465574949 
-6252136.853459933 424813.6055061364 3609185.838571494 3733.108004116845 1089.272347809852 6324.99744068532 
-6205939.564727212 438115.7282245999 3686336.057617106 3813.482499774407 1083.705074399107 6277.929665428055 
-6158761.904141946 451348.6404042607 3762903.934430875 3893.257317335056 1077.96641055104 6229.868512421173 
-6110611.291160479 464510.2491562791 3838877.352968556 3972.419802322478 1072.057251868699 6180.821512617038 
-6061495.29958763 477598.4727229406 3914244.290351189 4050.957395518195 1065.978521082724 6130.796354148784 
-6011421.656398043 490611.240808932 3988992.81878228 4128.857634984133 1059.731167912052 6079.800881150954 
-5960398.240532873 503546.4949108856 4063111.107450387 4206.108158070711 1053.31616892022 6027.843092554497 
-5908433.081671973 516402.1886451377 4136587.424416789 4282.696703410089 1046.734527367296 5974.931140856303 
-5855534.35898177 529176.2880736466 4209410.138487951 4358.611112894246 1039.987273057436 5921.073330863451 
-5801710.399839018 541866.7720280186 4281567.721072442 4433.839333637549 1033.075462182112 5866.278118412347 
-5746969.678530628 554471.6324315876 4353048.748022036 4508.369419923471 1026.00017715901 5810.554109062923 
-5691320.814929743 566988.8746194959 4423841.901456661 4582.189535135119 1018.762526466641 5753.910056768106 
-5634772.573148303 579416.517656725 4493935.971572917 4655.287953669256 1011.363644474666 5696.354862518731 
-5577333.860166258 591752.594654021 4563319.858435849 4727.653062833466 1003.804691269974 5637.897572964101 
-5519013.724437675 603995.1530816668 4631982.573753683 4799.273364726143 996.086852478536 5578.547379008398 
-5459821.354473921 616142.2550810464 4699913.242635237 4870.137478098982 988.2113390830438 5518.313614383148 
-5399766.077404168 628191.9777739509 4767101.105329702 4940.234140201637 980.1793872363855 5457.205754195948 
-5338857.357513403 640142.4135695762 4833535.518948513 5009.552208608236 971.992258070962 5395.233413455675 
-5277104.794758214 651991.67046916 4899205.959169026 5078.080663025419 963.651237503881 5332.406345574389 
-5214518.123260533 663737.8723682092 4964102.021919702 5145.808607081602 955.1576360380575 5268.734440846164 
-5151107.209779604 675379.159356267 5028213.425046541 5212.725270097135 946.5127885592453 5204.227724903066 
-5086882.052162387 686913.6880141705 5091530.009960458 5278.820008835056 937.7180541290328 5138.896357148512 
-5021852.777772657 698339.6317087495 5154041.743265355 5344.082309232122 928.7748157738301 5072.750629168254 
-4956029.641899022 709655.1808849165 5215738.718366595 5408.501788109819 919.684480269882 5005.800963119216 
-4889423.026142132 720858.5433551021 5276611.157059617 5472.068194865048 910.4484779243347 4938.057910096448 
-4822043.436781295 731947.9445859845 5336649.411098429 5534.77141314018 901.0682623523927 4869.532148478423 
-4753901.503120792 742921.6279824676 5395843.963743705 5596.601462472193 891.5453102505957 4800.234482250957 
-4685007.975816123 753777.8551688601 5454185.431290238 5657.548499920592 881.8811211662521 4730.17583930999 
-4615373.725180451 764514.906267207 5511664.564573481 5717.602821673821 872.0772172630624 4659.367269743498 
-4545009.739471518 775131.0801727307 5568272.250454929 5776.754864633886 862.1351430829679 4587.819944092805 
-4473927.123159295 785624.6948263315 5623999.513286091 5834.995207978894 852.0564653042625 4515.545151593561 
-4402137.095174628 795994.0874841046 5678837.516350803 5892.314574703242 841.8427724960018 4442.554298396667 
-4329650.987139182 806237.6149838282 5732777.563285629 5948.70383313517 831.4956748687505 4368.858905769412 
-4256480.241576932 816353.6540083775 5785811.099478137 6004.153998431399 821.0168040217031 4294.470608277123 
-4182636.410107503 826340.6013460205 5837929.713442775 6058.656234048604 810.4078126862195 4219.401151945602 
-4108131.151621634 836196.8741475525 5889125.138174152 6112.201853191437 799.6703744658132 4143.662392404642 
-4032976.230439067 845920.9101802256 5939389.252477459 6164.782320236839 788.8061835726351 4067.266293012922 
-3957183.514449132 855511.1680784302 5988714.082275832 6216.389252134398 777.8169545604909 3990.224922964573 
-3880764.973234347 864966.1275910881 6037091.80189442 6267.014419782479 766.7044220544369 3912.550455377719 
-3803732.676177309 874284.2898257127 6084514.735320938 6316.649749379891 755.4703404769941 3834.255165365298 
-3726098.790551201 883464.177489098 6130975.357442498 6365.287323752826 744.116483771026 3755.351428088475 
-3647875.579594187 892504.3351245942 6176466.295258505 6412.919383656851 732.644645119322 3675.851716792955 
-3569075.400568041 901403.3293459296 6220980.329069402 6459.538329053693 721.0566366609328 3595.768600828516 
-3489710.702801286 910159.7490675407 6264510.393641071 6505.136720362588 709.3542892043006 3515.114743652078 
-3409794.025717173 918772.205731371 6307049.579344688 6549.707279685973 697.5394519372323 3433.902900814639 
-3329337.996846813 927239.3335300982 6348591.133271829 6593.242892009282 685.6139921337606 3352.145917932389 
-3248355.32982778 935559.789626756 6389128.460324649 6635.736606374631 673.5797948579396 3269.856728642355 
-3166858.822388504 943732.2543707091 6428655.124280929 6677.181637028175 661.4387626646251 3187.048352542886 
-3084861.354318779 951755.4315099475 6467164.848833827 6717.571364540915 649.1928152972836 3103.733893119329 
-3002375.885426714 959628.0483996632 6504651.518606139 6756.899336902764 636.8438893828837 3019.926535655232 
-2919415.453482452 967348.8562070729 6541109.180138898 6795.159270589644 624.3939381239157 2935.63954512942 
-2835993.172148995 974916.6301124538 6576532.042854147 6832.345051603439 611.8449309875911 2850.886264099275 
-2752122.228900454 982330.1695063571 6610914.47999171 6868.45073648459 599.1988533922715 2765.680110570591 
-2667815.882928085 989588.2981829648 6644251.029519805 6903.470553297152 586.4577063911805 2680.034575854336 
-2583087.463034419 996689.864529559 6676536.395019341 6937.398902586123 573.6235063534464 2593.963222410686 
-2497950.365515855 1003633.741712069 6707765.446541739 6970.230358306868 560.698284642532 2507.479681680683 
-2412418.052034036 1010418.827856668 6737933.221440132 7001.959668726458 547.684087292102 2420.59765190588 
-2326504.047476368 1017044.046227382 6767034.925173805 7032.58175729676 534.5829746793814 2333.330895936333 
-2240221.937806024 1023508.345399686 6795065.932085724 7062.091723499096 521.39702119606 2245.693239027303 
-2153585.367901775 1029810.699430063 6822021.786153018 7090.484843660333 508.1283149167962 2157.69856662504 
-2066608.039388016 1035950.108021476 6847898.201710299 7117.756571740231 494.7789572653757 2069.36082214202 
-1979303.708455319 1041925.596684752 6872691.064145673 7143.9025400899 481.3510626785799 1980.694004721991 
-1891686.183671883 1047736.216895832 6896396.430569328 7168.918560181224 467.8467582678209 1891.712166995234 
-1803769.323786232 1053381.046248862 6919010.530454586 7192.800623307116 454.2681834785974 1802.429412824376 
-1715567.035521515 1058859.188605107 6940529.766251296 7215.544901252452 440.6174897478311 1712.859895041168 
-1627093.271361782 1064169.774237652 6960950.713971468 7237.147746935577 426.8968401591383 1623.017813174588 
-1538362.027330569 1069311.959971876 6980270.12374704 7257.605695020227 413.1084090960954 1532.917411170663 
-1449387.340762193 1074284.929321663 6998484.92035968 7276.915462497785 399.254381893557 1442.572975104385 
-1360183.288066088 1079087.892621335 7015592.203742531 7295.073949239722 385.3369544870836 1351.998830884113 
-1270763.982484561 1083720.087153284 7031589.249453798 7312.078238520134 371.3583330605396 1261.209341948852 
-1181143.571844341 1088180.777271273 7046473.509122114 7327.925597508261 357.3207336919193 1170.218906958794 
-1091336.236302276 1092469.254519396 7060242.610863579 7342.613477730907 343.2263819974613 1079.041957479509 
-1001356.186085554 1096584.837746668 7072894.359670422 7356.139515504634 329.0775127741115 987.6929556601899 
-911217.6592268244 1100526.873217229 7084426.737771192 7368.501532337682 314.8763696403947 896.1863919063355 
-820934.9192945737 1104294.734716136 7094837.904962429 7379.697535301506 300.625204675756 804.5367825472722 
-730522.2531191488 1107887.823650744 7104126.198911752 7389.725717371864 286.3262780584323 712.7586674989101 
-639993.9685147854 1111305.569147625 7112290.135432296 7398.584457739382 271.9818577019161 620.8666079221317 
-549364.3919980231 1114547.42814505 7119328.408728463 7406.272322089537 257.5942188900733 528.8751838772131 
-458647.8665028801 1117612.885480976 7125239.891612933 7412.788062851984 243.1656439109755 436.7989919746763 
-367858.7490931628 1120501.453976557 7130023.63569489 7418.130619419194 228.6984216895119 344.6526430229764 
-277011.4086722879 1123212.674515141 7133678.871539437 7422.299118334328 214.1948474188401 252.4507596734232 
-186120.2236909913 1125746.11611675 7136205.008798157 7425.292873448337 199.6572221907411 160.2079740627419 
-95199.57985330337 1128101.376008034 7137601.636310803 7427.111386046213 185.0878526249404 67.93892545367562 
-4263.867821167005 1130278.079687669 7137868.522178093 7427.754344942395 170.4890504974584 -24.34174212596581 
86672.51908192311 1132275.880987215 7137005.613805589 7427.221626545279 155.8631323680542 -116.6193822454064 
177595.1871678821 1134094.462127388 7135013.037918652 7425.513294890825 141.212419206826 -208.8793484337482 
268489.7446812186 1135733.533769775 7131891.100548469 7422.629601645242 126.539236020032 -301.1069965431544 
359341.804096062 1137192.835063951 7127640.286989142 7418.570986076741 111.8459114751962 -393.2876871119645 
450136.9844126541 1138472.133690005 7122261.261725857 7413.338074996361 97.13477752556281 -485.4067877273374 
540860.9134529281 1139571.22589647 7115754.868334119 7406.931682667855 82.40816903396416 -577.4496753870134 
631499.2301547932 1140489.936533632 7108122.129350093 7399.352810686665 67.66842339616623 -669.401738859793 
722037.5868647504 1141228.11908224 7099364.246112046 7390.602647827983 52.91788016375666 -761.2483810443227 
812461.6516284568 1141785.655677588 7089482.598572923 7380.682569863925 38.15888066663975 -852.9750213257845 
902757.1104788647 1142162.457128971 7078478.745084092 7369.594139349846 23.39376763520357 -944.567097930082 
992909.6697215544 1142358.462934521 7066354.422150278 7357.339105379822 8.624884822223878 -1036.010070275119 
1082905.058216885 1142373.641291405 7053111.544155727 7343.919403311343 -6.145423375430131 -1127.289421318766 
1172729.029658586 1142207.989101397 7038752.203061658 7329.337154459247 -20.9148122952231 -1218.390659903107 
1262367.364848416 1141861.531971812 7023278.668075025 7313.594665758966 -35.68093738744884 -1309.299323094568 
1351805.873966507 1141334.324211809 7006693.385288666 7296.694429399109 -50.44145459372853 -1400.000978519519 
1441030.398837027 1140626.448824057 6988998.977292881 7278.639122423473 -65.19402072544676 -1490.481226694952 
1530026.815188779 1139738.017491773 6970198.242758512 7259.431606302521 -79.93629384206014 -1580.725703353831 
1618781.034910372 1138669.170561126 6950294.155991582 7239.074926474414 -94.66593362921348 -1670.720081764711 
1707279.008299583 1137420.07701901 6929289.866459582 7217.572311855676 -109.3806017765985 -1760.450075045228 
1795506.726306542 1135990.934466203 6907188.698289461 7194.927174321556 -124.0779623554898 -1849.901438469071 
1883450.222770373 1134381.9690859 6883994.149737425 7171.143108156198 -138.7556821958935 -1939.059971766019 
1971095.576648921 1132593.435607623 6859709.892630612 7146.223889472703 -153.411431263243 -2027.911521414666 
2058428.914241185 1130625.61726654 6834339.771780751 7120.173475603178 -168.0428830345778 -2116.441982927428 
2145436.411402114 1128478.825758169 6807887.804369885 7092.996004458885 -182.6477148741401 -2204.637303127445 
2232104.295749373 1126153.401188486 6780358.179308287 7064.695793860595 -197.2236084083247 -2292.483482416979 
2318418.848861742 1123649.712019461 6751755.256564633 7035.277340839268 -211.7682498999173 -2379.966577036929 
2404366.408468759 1120968.155009999 6722083.566468593 7004.745320907182 -226.2793306215584 -2467.072701317061 
2489933.370631272 1118109.155152325 6691347.808985912 6973.104587299626 -240.7545472283658 -2553.788029916581 
2575106.191912515 1115073.165603812 6659552.852966135 6940.360170187309 -255.1916021296543 -2640.098800054653 
2659871.391539373 1111860.667614256 6626703.735363074 6906.5172758596 -269.5882038596875 -2725.991313730485 
2744215.553553467 1108472.170448632 6592805.660428169 6871.58128587877 -283.9420674473981 -2811.451939932606 
2828125.3289517 1104908.211305311 6557863.998876871 6835.55775620536 -298.2509147850131 -2896.467116836945 
2911587.43781593 1101169.35522979 6521884.28702817 6798.45241629484 -312.512474995521 -2981.023353993349 
2994588.671431404 1097256.195023918 6484872.225917446 6760.271168165721 -326.7244847989178 -3065.107234500149 
3077115.894393604 1093169.351150653 6446833.680382755 6721.02008543928 -340.8846888771694 -3148.705417166421 
3159156.046703172 1088909.471634351 6407774.678124726 6680.705412351067 -354.9908402378264 -3231.80463866155 
3240696.145848554 1084477.231956622 6367701.408740224 6639.333562734378 -369.0407005762313 -3314.391715651756 
3321723.288876031 1079873.334947752 6326620.222729932 6596.911118975859 -383.0320406362541 -3396.453546923192 
3402224.654446795 1075098.510673719 6284537.630480019 6553.444830943442 -396.9626405694962 -3477.97711549127 
3482187.504880729 1070153.51631883 6241460.301218089 6508.941614886793 -410.8302902928995 -3558.949490695843 
3561599.188186557 1065039.136063973 6197395.061943539 6463.408552310472 -424.6327898447019 -3639.357830281905 
3640447.140078033 1059756.180960539 6152348.896332559 6416.852888820005 -438.3679497386759 -3719.189382465422 
3718718.885975842 1054305.488800005 6106328.943617914 6369.282032941071 -452.0335913165922 -3798.431487983987 
3796402.042994873 1048687.923979222 6059342.497443727 6320.703554912015 -465.6275470988469 -3877.071582131914 
3873484.321916551 1042904.377361413 6011397.004695439 6271.125185449908 -479.1476611331935 -3955.097196779443 
3949953.529145903 1036955.766132922 5962500.064305139 6220.554814490362 -492.5917893415194 -4032.495962375713 
4025797.568653028 1030843.033655724 5912659.426032488 6169.000489901335 -505.9577998646094 -4109.255609935168 
4101004.443898671 1024567.149315729 5861882.989221415 6116.470416171149 -519.2435734048365 -4185.363973007047 
4175562.259743574 1018129.1083669 5810178.801532805 6062.972953070958 -532.4470035667229 -4260.808989627646 
4249459.224341295 1011529.931771221 5757555.057653402 6008.516614291907 -545.565997195313 -4335.578704255006 
4322683.651014187 1004770.666034534 5704020.097981126 5953.110066057212 -558.5984747123017 -4409.661269685711 
4395223.960112241 997852.383038267 5649582.407287037 5896.762125709426 -571.5423704498606 -4483.044948953478 
4467068.680854468 990776.1798671013 5594250.613354168 5839.481760273132 -584.395632982107 -4555.718117209206 
4538206.453152547 983543.1786325872 5538033.485593452 5781.278084993316 -597.1562254541587 -4627.669263582194 
4608626.029416424 976154.5262927494 5480939.933636986 5722.160361849693 -609.8221259087202 -4698.886993022189 
4678316.276341582 968611.3944677084 5422979.005908852 5662.137998047239 -622.3913276101449 -4769.360028121984 
4747266.176677676 960914.9792513502 5364159.888173754 5601.220544483203 -634.8618393659201 -4839.077210920244 
4815464.83097827 953066.5010190759 5304491.9020637 5539.417694190866 -647.2316858455196 -4908.027504684273 
4882901.459331368 945067.204231665 5243984.503582981 5476.739280760335 -659.4989078965716 -4976.199995672414 
4949565.403070481 936918.3572352831 5182647.281591703 5413.195276736638 -671.6615628582892 -5043.583894875813 
5015446.126465933 928621.2520576704 5120489.956268119 5348.795791995426 -683.7177248721113 -5110.168539739234 
5080533.218396164 920177.2042005433 5057522.377550022 5283.551072096538 -695.6654851895017 -5175.94339586066 
5144816.393998715 911587.5524282467 4993754.523555467 5217.471496615753 -707.502952476857 -5240.898058669395 
5208285.496300683 902853.6585526896 4929196.498983074 5150.567577455015 -719.2282531174708 -5305.022255082395 
5270930.49782834 893976.9072146033 4863858.533492189 5082.849957131416 -730.839531510506 -5368.305845138551 
5332741.502195681 884958.705661157 4797750.980063175 5014.329407045258 -742.3349503669258 -5430.738823610674 
5393708.745671647 875800.4835199701 4730884.313338102 4945.016825727497 -753.7126910023331 -5492.311321594896 
5453822.598725752 866503.692569557 4663269.127942121 4874.923237066876 -764.9709536266732 -5553.013608077254 
5513073.567551901 857069.806506246 4594916.136785796 4804.059788517054 -776.1079576307499 -5612.83609147719 
5571452.295570118 847500.3207076091 4525836.169348682 4732.437749284063 -787.1219418695092 -5671.769321167726 
5628949.564905983 837796.7519924438 4456040.169944439 4660.068508494403 -798.0111649420452 -5729.803988972061 
5685556.297847507 827960.6383773476 4385539.195967761 4586.963573344095 -808.773905468281 -5786.930930636364 
5741263.558279238 817993.5388299247 4314344.416123429 4513.134567229027 -819.408462362282 -5843.141127278515 
5796062.553093368 807897.0330186682 4242467.108637772 4438.593227856916 -829.9131551021553 -5898.425706812578 
5849944.633577609 797672.7210595587 4169918.659452831 4363.351405341223 -840.2863239964938 -5952.775945348767 
5902901.29677962 787322.223259422 4096710.560403549 4287.421060277348 -850.5263304473201 -6006.183268568694 
5954924.186847785 776847.1798560895 4022854.407378263 4210.814261801453 -860.6315572094904 -6058.639253075681 
6006005.096348111 766249.2507554045 3948361.898462822 4133.543185632238 -870.600408646515 -6110.135627719924 
6056135.967557051 755530.1152651183 3873244.83206864 4055.620112096039 -880.4313109827559 -6160.664274898299 
6105308.893730052 744691.4718257218 3797515.105044984 3977.057424135556 -890.1227125519612 -6210.217231828625 
6153516.120345616 733735.037738256 3721184.710775825 3897.867605302601 -899.6730840420968 -6258.786691798158 
6200750.046324703 722662.5488891484 3644265.737261561 3818.063237735182 -909.0809187364374 -6306.365005386162 
6247003.22522526 711475.7594721206 3566770.365185927 3737.657000119292 -918.3447327508785 -6352.944681660334 
6292268.366411718 700176.4417072139 3488710.865968425 3656.661665635756 -927.4630652674324 -6398.518389346928 
6336538.336199244 688766.3855569798 3410099.599802584 3575.090099892497 -936.434478763872 -6443.078957974391 
6379806.158972614 677247.3984398827 3330949.013680388 3492.955258842563 -945.2575592394866 -6486.619378990334 
6422065.018279486 665621.304940962 3251271.639403183 3410.270186688299 -953.9309164369153 -6529.132806851681 
6463308.257897953 653889.946519804 3171080.091579414 3327.048013772016 -962.4531840600231 -6570.612560087838 
6503529.382878171 642055.1812158688 3090387.065609503 3243.301954453515 -970.8230199877872 -6611.052122336702 
6542722.060557942 630118.8833512248 3009205.335658213 3159.045304974843 -979.0391064841604 -6650.445143353394 
6580880.121552059 618082.9432307376 2927547.752614831 3074.291441312652 -987.1001504038795 -6688.785439991534 
6617997.560715302 605949.2668397643 2845427.242041503 2989.053817018522 -995.0048833941892 -6726.066997156946 
6654068.538078903 593719.7755394042 2762856.802110063 2903.345961047614 -1002.752062092448 -6762.283968733635 
6689087.379760377 581396.4057593541 2679849.501527701 2817.181475576052 -1010.340468319593 -6797.430678481923 
6723048.578846547 568981.1086884213 2596418.477451796 2730.574033807373 -1017.768909269423 -6831.501620908601 
6755946.796249657 556475.8499627451 2512576.933394277 2643.537377768457 -1025.036217693689 -6864.491462108994 
6787776.861536437 543882.6093517775 2428338.137115842 2556.085316095278 -1032.141252082946 -6896.395040580806 
6818533.773729995 531203.3804420761 2343715.418510388 2468.231721808886 -1039.08289684316 -6927.207368009652 
6848212.702084428 518440.1703189613 2258722.167479994 2379.990530081976 -1045.860062468021 -6956.92363002615 
6876808.986832028 505594.9992460888 2173371.831800819 2291.375735996436 -1052.471685706965 -6985.539186934502 
6904318.139902984 492669.9003429939 2087677.914980244 2202.401392292256 -1058.916729728849 -7013.049574412443 
6930735.845617468 479666.9192606557 2001653.974105625 2113.081607108165 -1065.194184281291 -7039.450504182477 
6956057.961350019 466588.1138551396 1915313.617685005 2023.430541714402 -1071.303065845623 -7064.737864654327 
6980280.518166113 453435.5538593683 1828670.503480138 1933.462408237984 -1077.242417787447 -7088.907721538502 
7003399.721430846 440211.320553077 1741738.336332171 1843.191467380861 -1083.011310502782 -7111.956318430915 
7025411.951389642 426917.5064310064 1654530.865980359 1752.632026131354 -1088.608841559766 -7133.880077368482 
7046313.763720886 413556.214869388 1567061.88487414 1661.798435469235 -1094.034135835903 -7154.67559935565 
7066101.890060448 400129.5597907765 1479345.225978956 1570.705088064869 -1099.286345650835 -7174.33966486177 
7084773.238497983 386639.6653272843 1391394.760576156 1479.366415972765 -1104.364650894624 -7192.869234289283 
7102324.894044967 373088.6654822729 1303224.396057346 1387.796888319959 -1109.268259151524 -7210.261448412663 
7118754.119074408 359478.7037905563 1214848.073713547 1296.011008989584 -1113.996405819222 -7226.513628788079 
7134058.353732158 345811.9329771732 1126279.766519514 1204.023314300033 -1118.548354223548 -7241.623278133722 
7148235.216319799 332090.5146147817 1037533.476913582 1111.848370680093 -1122.923395728626 -7255.588080680792 
7161282.50364903 318316.6187797335 948623.2345733914 1019.500772340437 -1127.120849842456 -7268.405902495084 
7173198.191367532 304492.4237068846 859563.0941878567 926.99513894186 -1131.140064317916 -7280.074791769183 
7183980.434256271 290620.1154431957 770367.1332257396 834.3461132606429 -1134.980415249177 -7290.592979085225 
7193627.566498196 276701.8875001823 681049.4497011841 741.5683588514358 -1138.641307163506 -7299.95887764822 
7202138.101918306 262739.940505267 591624.1599365748 648.6765577080365 -1142.122173108459 -7308.171083489939 
7209510.734195084 248736.4818520947 502105.3963230807 555.6854079224559 -1145.422474734457 -7315.228375643348 
7215744.337043243 234693.7253498636 412507.3050792424 462.6096213426508 -1148.541702372718 -7321.1297162876 
7220837.964367801 220613.890871731 322844.0440079647 369.4639212293098 -1151.479375108562 -7325.874250863589 
7224790.85038946 206499.2040023503 233129.7802522749 276.2630399120724 -1154.235040850061 -7329.461308160081 
7227602.409741287 192351.8956845957 143378.6880502063 183.0217164455661 -1156.808276392042 -7331.890400370437 
7229272.237536705 178174.2018655319 53604.94648916756 89.75469426564167 -1159.198687475425 -7333.161223119952 
7229800.109408785 163968.3631416855 -36177.26273984382 -3.523281153813613 -1161.405908841906 -7333.27365546384 
7229185.981520858 149736.6244036766 -125953.7575878226 -96.7974646431034 -1163.42960428397 -7332.227759855889 
7227429.990548461 135481.2344802648 -215710.3578927748 -190.0531136776131 -1165.269466690233 -7330.023782087826 
7224532.453632631 121204.4457818709 -305432.8876238146 -283.2754907169858 -1166.925218086116 -7326.662151199452 
7220493.868304575 106908.5139436271 -395107.1771239828 -376.4498655422075 -1168.39660966984 -7322.143479359551 
7215314.912381737 92595.69746801685 -484719.0653514279 -469.5615175902246 -1169.683421843755 -7316.468561717676 
7208996.443835308 78268.25736715851 -574254.4021185959 -562.5957382857223 -1170.785464240988 -7309.63837622683 
7201539.500629193 63928.45680479215 -663699.0503290696 -655.5378333696875 -1171.702575747421 -7301.654083437112 
7192945.300530509 49578.56073802547 -753038.8882117054 -748.3731252243882 -1172.434624518999 -7292.517026260412 
7183215.240891625 35220.83555889651 -842259.8115517119 -841.0869551943966 -1172.981507994366 -7282.228729706197 
7172350.898403822 20857.54873581027 -931347.735918317 -933.6646859032891 -1173.343152902842 -7270.790900588481 
7160354.028822616 6490.968454906131 -1020288.598888672 -1026.091703565654 -1173.519515267726 -7258.205427204058 
7147226.566664801 -7876.636738586616 -1109068.36226764 -1118.353420294045 -1173.510580404956 -7244.474378982067 
7132970.624877287 -22242.99829894835 -1197673.014303118 -1210.435276400513 -1173.316362917106 -7229.600006105 
7117588.494477791 -36605.84803846679 -1286088.57189655 -1302.322742692351 -1172.936906682749 -7213.584739101224 
7101082.644167459 -50962.91848577598 -1374301.082808269 -1394.001322761706 -1172.372284841169 -7196.431188409131 
7083455.719915498 -65311.9432439798 -1462296.627857334 -1485.456555268681 -1171.622599772451 -7178.142143913008 
7064710.544515895 -79650.65734850342 -1550061.323115515 -1576.674016217578 -1170.687983072949 -7158.720574450735 
7044850.117116309 -93976.79762461604 -1637581.322095076 -1667.639321225937 -1169.568595526134 -7138.169627293423 
7023877.612719238 -108288.1030445688 -1724842.817930011 -1758.338127785994 -1168.264627068846 -7116.492627597115 
7001796.381655537 -122582.315084291 -1811832.045550409 -1848.75613751824 -1166.776296752952 -7093.693077826642 
6978609.949030399 -136857.1780795892 -1898535.283849579 -1938.879098416695 -1165.103852702417 -7069.774657151796 
6954322.014141905 -151110.4395817925 -1984938.857843633 -2028.692807085587 -1163.247572065815 -7044.74122081591 
6928936.449872235 -165339.8507127888 -2071029.140823149 -2118.183110967061 -1161.207760964276 -7018.596799477007 
6902457.302051669 -179543.1665193956 -2156792.556496621 -2207.335910559598 -1158.984754434895 -6991.345598521631 
6874888.788795485 -193718.1463270102 -2242215.581125323 -2296.137161626788 -1156.578916369607 -6962.991997351514 
6846235.299813871 -207862.5540924846 -2327284.745649291 -2384.57287739613 -1153.990639449554 -6933.540548643216 
6816501.395694988 -221974.1587561682 -2411986.637804061 -2472.629130747517 -1151.220345074951 -6902.995977580885 
6785691.807161293 -236050.7345930651 -2496307.904227861 -2560.292056391082 -1148.268483290466 -6871.363181062299 
6753811.434299279 -250090.0615630508 -2580235.252558916 -2647.547853034059 -1145.135532706141 -6838.64722687833 
6720865.345762742 -264089.9256600922 -2663755.453522542 -2734.382785536348 -1141.822000413862 -6804.853352865995 
6686858.777949736 -278048.1192604193 -2746855.343007712 -2820.783187054448 -1138.328421899396 -6769.98696603527 
6651797.134153351 -291962.4414695919 -2829521.824132777 -2906.735461173439 -1134.655360950024 -6734.053641669811 
6615685.983686461 -305830.698468409 -2911741.86930001 -2992.226084026691 -1130.803409557781 -6697.059122401773 
6578531.0609806 -319650.7038576067 -2993502.522238671 -3077.241606402981 -1126.773187818316 -6659.009317260889 
6540338.26465912 -333420.2790012911 -3074790.900036269 -3161.768655840715 -1122.565343825417 -6619.910300697995 
6501113.656584783 -347137.2533690534 -3155594.195157718 -3245.793938708918 -1118.180553561194 -6579.768311583168 
6460863.460881968 -360799.4648767143 -3235899.677452066 -3329.304242274713 -1113.61952078196 -6538.589752178686 
6419594.062933644 -374404.7602256445 -3315694.696146509 -3412.286436756958 -1108.882976899831 -6496.381187086977 
6377312.008353287 -387950.9952406101 -3394966.681827354 -3494.727477365746 -1103.971680860056 -6453.149342173759 
6334024.001931913 -401436.0352060898 -3473703.148407666 -3576.614406327478 -1098.886419014122 -6408.901103466561 
6289736.906560414 -414857.7552010128 -3551891.695081268 -3657.934354895185 -1093.628004988637 -6363.643516028833 
6244457.742127369 -428214.0404318657 -3629520.008262813 -3738.674545343836 -1088.197279550025 -6317.383782809836 
6198193.68439252 -441502.7865641176 -3706575.863513623 -3818.822292950311 -1082.595110465068 -6270.129263470523 
6150952.063836104 -454721.9000519122 -3783047.127453015 -3898.365007957771 -1076.822392357305 -6221.887473185621 
6102740.364484229 -467869.2984659764 -3858921.759654812 -3977.290197524123 -1070.880046559323 -6172.666081422121 
6053566.222710498 -480942.9108196964 -3934187.81452875 -4055.585467654316 -1064.769020960964 -6122.472910694393 
6003437.42601407 -493940.6778933094 -4008833.443186517 -4133.238525116165 -1058.49028985349 -6071.315935296145 
5952361.91177438 -506860.5525561632 -4082846.895292108 -4210.237179339447 -1052.044853769707 -6019.203280009443 
5900347.765982693 -519700.5000869944 -4156216.520896251 -4286.569344297982 -1045.433739320104 -5966.143218791024 
5847403.221950739 -532458.4984921755 -4228930.7722546 -4362.223040374435 -1038.657999025019 -5912.144173436115 
5793536.658996613 -545132.538821883 -4300978.205629442 -4437.186396207574 -1031.718711142876 -5857.214712220002 
5738756.601108175 -557720.6254841395 -4372347.483074629 -4511.447650521707 -1024.616979494508 -5801.363548517573 
5683071.715584157 -570220.7765566802 -4443027.374203482 -4584.995153938058 -1017.353933283609 -5744.599539401071 
5626490.811653207 -582631.0240965982 -4513006.757939393 -4657.817370767807 -1009.930726913344 -5686.931684216297 
5569022.839071097 -594949.414447721 -4582274.624248862 -4729.902880786545 -1002.348539799145 -5628.369123137505 
5510676.886696314 -607174.0085456722 -4650820.075856717 -4801.240380989901 -994.6085761777322 -5568.921135701225 
5451462.181044282 -619302.8822205716 -4718632.32994325 -4871.818687330077 -986.7120649123868 -5508.597139319269 
5391388.08482044 -631334.1264973289 -4785700.719823027 -4941.626736433073 -978.6602592945143 -5447.406687771163 
5330464.095432404 -643265.8478934848 -4852014.696605114 -5010.653587296327 -970.4544368415289 -5385.359469676258 
5268699.843481485 -655096.1687145561 -4917563.830834473 -5078.888422966563 -962.0958990910964 -5322.465306945768 
5206105.091233769 -666823.227346839 -4982337.814114285 -5146.320552197598 -953.5859713917673 -5258.734153215 
5142689.731071036 -678445.1785476272 -5046326.460708958 -5212.939411087881 -944.9260026900392 -5194.176092256029 
5078463.783921757 -689960.1937328014 -5109519.709127588 -5278.734564697537 -936.1173653138814 -5128.801336371073 
5013437.397672405 -701366.4612617472 -5171907.623687625 -5343.695708644693 -927.1614547527594 -5062.620224766846 
4947620.845559366 -712662.1867195586 -5233480.396058526 -5407.812670680861 -918.0596894341968 -4995.643221910133 
4881024.524541687 -723845.5931964841 -5294228.346785162 -5471.075412245174 -908.8135104969098 -4927.880915864874 
4813658.953654923 -734914.9215645762 -5354141.926790752 -5533.474029997246 -899.4243815605538 -4859.34401661101 
4745534.77234635 -745868.4307514991 -5413211.718859106 -5594.998757328462 -889.893788492119 -4790.043354345378 
4676662.738791812 -756704.3980114582 -5471428.439095954 -5655.639965851477 -880.2232391690143 -4719.989877764911 
4607053.72819446 -767421.1191932074 -5528782.938369154 -5715.388166867728 -870.4142632388771 -4649.194652332431 
4536718.731065666 -778016.9090050966 -5585266.203727557 -5774.234012812777 -860.4684118761498 -4577.66885852531 
4465668.851488377 -788490.1012771198 -5640869.359798336 -5832.168298679253 -850.3872575354618 -4505.423790067274 
4393915.30536318 -798839.0492199231 -5695583.670162553 -5889.181963417235 -840.1723937018559 -4432.470852143631 
4321469.41863737 -809062.1256807367 -5749400.538708784 -5945.266091311875 -829.825434637902 -4358.821559600213 
4248342.625517285 -819157.7233961922 -5802311.510964593 -6000.411913338069 -819.3480151277369 -4284.487535126304 
4174546.466664203 -829124.2552419861 -5854308.275405662 -6054.610808492012 -808.7417902180707 -4209.480507421861 
4100092.587374071 -838960.1544793559 -5905382.664742386 -6107.854305099449 -798.0084349562043 -4133.812309349284 
4024992.735741368 -848663.8749983291 -5955526.657183751 -6160.13408210044 -787.1496441250958 -4057.494876070056 
3949258.760807384 -858233.8915577119 -6004732.377678303 -6211.441970310496 -776.1671319755217 -3980.54024316653 
3872902.610693194 -867668.7000217802 -6052992.09913204 -6261.769953657891 -765.0626319553711 -3902.960544749149 
3795936.330717643 -876966.8175936399 -6100298.243603029 -6311.110170397002 -753.8378964361209 -3824.768011549409 
3718372.061500613 -886126.7830452207 -6146643.383472608 -6359.454914297515 -742.49469643653 -3745.974968998847 
3640222.037051888 -895147.1569438704 -6192020.242592968 -6406.796635809345 -731.0348213435992 -3666.59383529436 
3561498.582845899 -904026.5218755169 -6236421.697410974 -6453.127943203111 -719.460078630839 -3586.637119450146 
3482214.11388266 -912763.4826643638 -6279840.778068058 -6498.441603686024 -707.7722935738897 -3506.117419336568 
3402381.132735195 -921356.6665890892 -6322270.669476018 -6542.73054449304 -695.9733089635382 -3425.047419706255 
3322012.227583752 -929804.7235955148 -6363704.712368576 -6585.987853953143 -684.0649848161759 -3343.439890207716 
3241120.070237122 -938106.3265057144 -6404136.404328541 -6628.206782530612 -672.0491980817419 -3261.3076833868 
3159717.41414136 -946260.1712235324 -6443559.400790432 -6669.380743841148 -659.9278423491984 -3178.663732676281 
3077817.092376221 -954264.9769364805 -6481967.516018417 -6709.503315642723 -647.702827549581 -3095.521050373889 
2995432.01563962 -962119.4863139853 -6519354.724059421 -6748.568240801033 -635.3760796566725 -3011.892725609093 
2912575.170220428 -969822.465701956 -6555715.159671287 -6786.569428229424 -622.949540385343 -2927.791922298933 
2829259.615959917 -977372.7053136452 -6591043.119225832 -6823.500953803185 -610.4251668876051 -2843.231877093222 
2745498.484202172 -984769.0194167752 -6625333.061586686 -6859.357061248072 -597.8049314464291 -2758.225897309424 
2661304.975733777 -992010.246516901 -6658579.608961795 -6894.132163002981 -585.0908211673647 -2672.787358857508 
2576692.358713101 -999095.2495369855 -6690777.547730439 -6927.820841056632 -572.2848376680166 -2586.929704155111 
2491673.966589505 -1006022.915993161 -6721921.829244691 -6960.417847758186 -559.3889967654213 -2500.666440033303 
2406263.196012774 -1012792.158166646 -6752007.570605159 -6991.918106601675 -546.4053281613708 -2414.011135633271 
2320473.504733117 -1019401.913271807 -6781030.055410936 -7022.316712984159 -533.3358751257325 -2326.97742029425 
2234318.409492039 -1025851.143620317 -6808984.734483638 -7051.608934937517 -520.1826941778121 -2239.578981432992 
2147811.483904416 -1032138.836781415 -6835867.226565422 -7079.790213833782 -506.9478547658065 -2151.829562415108 
2060966.356332102 -1038264.005738219 -6861673.318990909 -7106.856165063928 -493.6334389443968 -2063.742960418595 
1973796.707749383 -1044225.68904009 -6886398.968332886 -7132.802578690034 -480.2415410505272 -1975.333024289849 
1886316.269600612 -1050022.950951004 -6910040.301021731 -7157.625420070754 -466.7742673774205 -1886.613652392509 
1798538.821650351 -1055654.881593938 -6932593.613938451 -7181.320830459996 -453.2337358468766 -1797.598790449421 
1710478.189826346 -1061120.597091214 -6954055.374981256 -7203.885127578759 -439.6220756799042 -1708.302429378062 
1622148.244055666 -1066419.239700821 -6974422.223605601 -7225.314806160065 -425.9414270657347 -1618.738603119728 
1533562.896094337 -1071549.977948662 -6993690.971337608 -7245.606538466895 -412.1939408292654 -1528.921386462815 
1444736.0973508 -1076512.006756722 -7011858.602260808 -7264.757174783097 -398.3817780969839 -1438.864892860506 
1355681.836703521 -1081304.547567138 -7028922.273476127 -7282.763743877203 -384.5071099614207 -1348.583272243188 
1266414.138313093 -1085926.848462156 -7044879.315535066 -7299.623453439087 -370.572117144181 -1258.090708825913 
1176947.059429157 -1090378.184279949 -7059727.232846001 -7315.33369048944 -356.5789896576046 -1167.401418911236 
1087294.688192475 -1094657.856726286 -7073463.704053564 -7329.892021761994 -342.5299264651035 -1076.52964868773 
997471.141432494 -1098765.194482033 -7086086.582391037 -7343.296194058473 -328.4271351402274 -985.4896720245227 
907490.5624607269 -1102699.553306476 -7097593.896005731 -7355.544134576209 -314.2728315245072 -894.2957882621594 
817367.1188602929 -1106460.316136447 -7107983.848257294 -7366.633951208422 -300.0692393841256 -802.9623200001154 
727115.0002719482 -1110046.893181236 -7117254.81798891 -7376.563932817097 -285.8185900654664 -711.5036108812876 
636748.4161769438 -1113458.722013283 -7125405.359771359 -7385.33254947846 -271.5231221495915 -619.9340233737774 
546281.593677046 -1116695.267654632 -7132434.204119904 -7392.938452701012 -257.1850811056965 -528.2679365502914 
455728.7752720552 -1119756.022659137 -7138340.257683979 -7399.380475616104 -242.8067189435957 -436.5197438654795 
365104.2166351595 -1122640.507190408 -7143122.603409653 -7404.657633141052 -228.3902938652859 -344.7038509315328 
274422.1843864604 -1125348.269095481 -7146780.500674848 -7408.769122114752 -213.9380699156409 -252.8346732923619 
183696.9538650054 -1127878.883974214 -7149313.385397307 -7411.71432140581 -199.4523166322867 -160.9266341966775 
92942.80689966581 -1130231.955244388 -7150720.870115286 -7413.492791993164 -184.9353086947077 -68.99416237029352 
2174.029579195412 -1132407.114202505 -7151002.744040971 -7414.10427701922 -170.3893255726361 22.94831021202435 
-88595.08997819269 -1134404.020080279 -7150158.973086614 -7413.548701815465 -155.8166511737736 114.8863505548461 
-179350.2638553948 -1136222.360096815 -7148189.699863392 -7411.826173900609 -141.2195734908975 206.8055268701783 
-270077.2065667943 -1137861.849506455 -7145095.243652982 -7408.936982951218 -126.600384248402 298.6914108050591 
-360761.637288111 -1139322.231642301 -7140876.100351879 -7404.881600744891 -111.9613785483252 390.5295796683274 
-451389.2820853882 -1140603.277955397 -7135532.942388452 -7399.66068107597 -97.30485451591339 482.3056186562444 
-541945.8761427776 -1141704.788049571 -7129066.618612755 -7393.275059643812 -82.63311294477295 574.0051230766508 
-632417.1659887906 -1142626.589711929 -7121478.154159133 -7385.725753913644 -67.94845694166192 665.6137005713387 
-722788.9117206768 -1143368.538939002 -7112768.750281616 -7377.013962950032 -53.25319157097154 757.1169733363198 
-813046.8892265974 -1143930.51995853 -7102939.784162154 -7367.14106722299 -38.54962349894918 848.500580339672 
-903176.8924052558 -1144312.445246902 -7091992.808691714 -7356.108628386758 -23.84006063771376 939.7501795366455 
-993164.7353826546 -1144514.255542222 -7079929.552224271 -7343.918389031293 -9.126811789114779 1030.851450081713 
-1082996.254725642 -1144535.919853027 -7066751.918303744 -7330.572272406516 5.587813711513913 1121.790094537244 
-1172657.311651916 -1144377.435462635 -7052461.985363909 -7316.072382119345 20.30150635165451 1212.551841078493 
-1262133.794236151 -1144038.827929132 -7037062.00640134 -7300.421001803577 35.01195679790865 1303.122445694572 
-1351411.619611924 -1143520.151081001 -7020554.408621433 -7283.620594762662 49.71685625225275 1393.487694385117 
-1440476.73616909 -1142821.487008385 -7002941.793057558 -7265.673803585422 64.41389680819428 1483.633405352305 
-1529315.125746296 -1141942.946049992 -6984226.934163413 -7246.58344973478 79.10077180677763 1573.545431187925 
-1617912.805818296 -1140884.666775645 -6964412.779378625 -7226.352533109548 93.77517619238901 1663.209661055195 
-1706255.831677726 -1139646.815964475 -6943502.448667676 -7204.984231579356 108.434806868309 1752.612022864991 
-1794330.298611033 -1138229.58857876 -6921499.234032224 -7182.481900492772 123.0773630519617 1841.738485446198 
-1882122.344068213 -1136633.207733424 -6898406.598996881 -7158.849072158699 137.7005466298106 1930.57506070986 
-1969618.149826032 -1134857.924661188 -6874228.178068549 -7134.08945530111 152.3020625118484 2019.107805806826 
-2056803.944144418 -1132904.018673385 -6848967.776169365 -7108.206934487222 166.8796189856319 2107.322825278575 
-2143666.003915682 -1130771.797116441 -6822629.36804337 -7081.205569529156 181.4309280698102 2195.206273200916 
-2230190.656806256 -1128461.595324039 -6795217.097636967 -7053.089594859207 195.9537058670957 2282.744355320262 
-2316364.283390618 -1125973.776564955 -6766735.277453283 -7023.863418878782 210.4456729166274 2369.923331182157 
-2402173.319277091 -1123308.731986592 -6737188.387880508 -6993.531623281116 224.9045545456756 2456.729516251761 
-2487604.25722518 -1120466.880554206 -6706581.076494333 -6962.098962347849 239.3280812206382 2543.149284025992 
-2572643.649254148 -1117448.668985847 -6674918.157334579 -6929.57036221958 253.7139888972776 2629.169068137006 
-2657278.108742497 -1114254.571683009 -6642204.610156124 -6895.950920140474 268.0600193701483 2714.775364446727 
-2741494.312518043 -1110885.090657013 -6608445.579654245 -6861.245903677059 282.3639206211645 2799.954733132125 
-2825279.002938271 -1107340.755451121 -6573646.374664491 -6825.460749911287 296.6234471672588 2884.693800760926 
-2908618.989960647 -1103622.123058411 -6537812.4673372 -6788.601064608009 310.8363604070797 2968.979262357482 
-2991501.153202596 -1099729.777835402 -6500949.492286786 -6750.67262135694 325.0004289666811 3052.797883458468 
-3073912.443990801 -1095664.331411458 -6463063.245715917 -6711.681360689273 339.113429044151 3136.136502158151 
-3155839.887399546 -1091426.42259398 -6424159.684514731 -6671.633389169023 353.1731447531319 3218.982031142891 
-3237270.584277774 -1087016.717269399 -6384244.925335194 -6630.534978459264 367.1773684651824 3301.321459714621 
-3318191.713264563 -1082435.90829998 -6343325.243640766 -6588.392564363358 381.1239011509306 3383.141855802982 
-3398590.532792705 -1077684.715416469 -6301407.0727315 -6545.212745841332 395.0105527199702 3464.430367965835 
-3478454.3830801 -1072763.885106572 -6258497.002744718 -6501.002284001514 408.8351423594503 3545.174227377862 
-3557770.688108647 -1067674.190499304 -6214601.779631414 -6455.768101067591 422.5954988713097 3625.360749806964 
-3636526.957590344 -1062416.431245222 -6169728.304108548 -6409.517279321212 436.2894610081063 3704.977337578158 
-3714710.788920285 -1056991.433392545 -6123883.630587356 -6362.257060020293 449.9148778073945 3784.011481524708 
-3792309.869116275 -1051400.049259198 -6077074.966077866 -6313.994842293157 463.4696089246001 3862.450762926188 
-3869311.976744757 -1045643.157300787 -6029309.66906976 -6264.738182008684 476.9515249643455 3940.2828554332 
-3945704.983832751 -1039721.661974525 -5980595.248389757 -6214.494790622605 490.3585078101771 4017.495526978467 
-4021476.85776554 -1033636.493599136 -5930939.362035686 -6163.272534000104 503.6884509526456 4094.07664167402 
-4096615.663169775 -1027388.608210749 -5880349.815987411 -6111.079431214895 516.9392598156932 4170.014161694195 
-4171109.563781755 -1020978.987414808 -5828834.562994799 -6057.923653324927 530.1088520812981 4245.296149144174 
-4244946.824300562 -1014408.638234015 -5776401.701342895 -6003.813522124899 543.1951580123304 4319.910767913786 
-4318115.812225788 -1007678.592952339 -5723059.473594495 -5948.75750887574 556.1961207735707 4393.846285516299 
-4390604.999679562 -1000789.908955099 -5668816.265310301 -5892.764233011242 569.1096967508458 4467.091074911927 
-4462402.965212609 -993743.6685651535 -5613680.603746844 -5835.842460822008 581.9338558682332 4539.633616315788 
-4533498.395594056 -986540.9788752215 -5557661.156532363 -5778.001104116913 594.6665819032879 4611.462498990039 
-4603880.08758471 -979182.9715763518 -5500766.730320857 -5719.249218862241 607.3058728002468 4682.566423019927 
-4673536.949693546 -971670.8027825743 -5443006.269424474 -5659.596003798704 619.8497409811612 4752.934201073488 
-4742458.003917123 -964005.6528517526 -5384388.85442447 -5599.050799036518 632.2962136549147 4822.554760144628 
-4810632.387461671 -956188.7262026675 -5324923.700760924 -5537.623084628732 644.6433331240785 4891.417143279336 
-4878049.354447569 -948221.2511283567 -5264620.157301427 -5475.322479123011 656.8891570895589 4959.510511284757 
-4944698.277595977 -940104.479605739 -5203487.704888948 -5412.158738092068 669.0317589529928 5026.824144420882 
-5010568.649897335 -931839.6871015497 -5141535.954869105 -5348.14175264294 681.0692281168446 5093.347444074582 
-5075650.086261483 -923428.172374616 -5078774.64759704 -5283.281547905322 692.9996702821599 5159.069934415758 
-5139932.325149152 -914871.2572745024 -5015213.650924137 -5217.588281499173 704.8212077439335 5223.981264035328 
-5203405.230184564 -906170.2865365542 -4950862.958664791 -5151.072241981773 716.5319796840441 5288.071207564823 
-5266058.791748896 -897326.6275733694 -4885732.689043469 -5083.743847274492 728.1301424617136 5351.329667277348 
-5327883.128554357 -888341.6702627307 -4819833.083122279 -5015.613643069445 739.6138699014474 5413.746674669633 
-5388868.489198641 -879216.8267320269 -4753174.503209296 -4946.692301216279 750.9813535784116 5475.312392024976 
-5449005.253699503 -869953.5311391972 -4685767.431247856 -4876.990618089299 762.2308031012033 5536.017113956803 
-5508283.935009229 -860553.2394502291 -4617622.467187089 -4806.519512935175 773.3604463919723 5595.85126893262 
-5566695.180508756 -851017.4292132434 -4548750.327333906 -4735.290026201437 784.3685299638515 5654.80542077813 
-5624229.773481213 -841347.5993291996 -4479161.842686691 -4663.313317846012 795.2533191956517 5712.870270161264 
-5680878.63456465 -831545.2698192544 -4408867.957250958 -4590.600665628016 806.0130986037815 5770.036656055913 
-5736632.823183727 -821611.9815888088 -4337879.726337204 -4517.16346338006 816.6461721113494 5826.295557185119 
-5791483.538960139 -811549.2961882782 -4266208.31484122 -4443.013219262284 827.1508633144057 5881.638093443507 
-5845422.123101559 -801358.7955706202 -4193864.995507126 -4368.161553998392 837.5255157452849 5936.055527298735 
-5898440.059768867 -791042.0818456563 -4120861.147173363 -4292.620199093903 847.7684931330069 5989.539265171734 
-5950528.977421462 -780600.7770312239 -4047208.253001926 -4216.400995036891 857.8781796606966 6042.08085879553 
-6001680.650140443 -770036.5228011949 -3972917.898691093 -4139.515889481449 867.8529802199818 6093.672006552422 
-6051886.998929441 -759350.9802303988 -3898001.770671912 -4061.976935414144 877.6913206623307 6144.304554789313 
-6101140.092992899 -748545.8295364871 -3822471.654288725 -3983.796289303703 887.391648047288 6193.97049911097 
-6149432.150991602 -737622.7698187779 -3746339.431963991 -3904.986209234208 896.9524308875716 6242.661985651025 
-6196755.542275247 -726583.5187941194 -3669617.081347683 -3825.559053022049 906.372159390992 6290.37131232049 
-6243102.788091864 -715429.8125298108 -3592316.673451544 -3745.527276316904 915.6493456991536 6337.090930033599 
-6288466.562773892 -704163.4051736213 -3514450.370768473 -3664.903430687015 924.7825241229034 6382.813443910773 
-6332839.69490071 -692786.0686809456 -3436030.42537732 -3583.700161689025 933.7702513744867 6427.531614458507 
-6376215.168437457 -681299.5925391386 -3357069.177033381 -3501.930206922657 942.6111067963748 6471.238358725996 
-6418586.123849931 -669705.7834890684 -3277579.051244876 -3419.606394070502 951.3036925867259 6513.926751438293 
-6459945.859195407 -658006.4652439293 -3197572.5573357 -3336.741638923193 959.8466340214455 6555.590026105826 
-6500287.831189189 -646203.4782053587 -3117062.28649473 -3253.348943390261 968.238579672808 6596.221576110082 
-6539605.656246714 -634298.6791768969 -3036060.909811991 -3169.441393496933 976.4782016246048 6635.814955765272 
-6577893.111501061 -622293.9410748353 -2954581.176301975 -3085.03215736717 984.5641956837854 6674.363881355813 
-6615144.135795669 -610191.1526364947 -2872635.910914396 -3000.134483193242 992.495281588554 6711.862232149424 
-6651352.830652122 -597992.218125978 -2790238.012532708 -2914.761697192103 1000.27020321289 6748.304051385698 
-6686513.461212839 -585699.0570374409 -2707400.451960651 -2828.927201548889 1007.887728767455 6783.683547239946 
-6720620.457158497 -573313.6037959248 -2624136.26989717 -2742.644472347812 1015.346650996862 6817.995093762173 
-6753668.413600056 -560837.8074557976 -2540458.574899975 -2655.927057490761 1022.645787373257 6851.233231791005 
-6785652.091945225 -548273.6313968467 -2456380.541338072 -2568.788574603902 1029.783980286204 6883.392669842416 
-6816566.420739228 -535623.0530180706 -2371915.407333568 -2481.242708932578 1036.760097228815 6914.468284973093 
-6846406.496479717 -522888.0634292141 -2287076.472693064 -2393.303211224827 1043.573030980117 6944.455123618294 
-6875167.584405722 -510070.6671400942 -2201877.096828944 -2304.983895603799 1050.221699783613 6973.348402404034 
-6902845.119260472 -497172.881747764 -2116330.696670874 -2216.298637429412 1056.705047522001 7001.143508933466 
-6929434.706027978 -484196.7376215599 -2030450.744567847 -2127.261371149528 1063.022043888044 7027.836002547307 
-6954932.120643244 -471144.277586082 -1944250.766181057 -2037.886088140986 1069.171684551527 7053.421615058166 
-6979333.310675987 -458017.5566021534 -1857744.33836796 -1948.186834540791 1075.152991322308 7077.896251458651 
-7002634.395987741 -444818.6414458077 -1770945.087057819 -1858.177709067785 1080.965012309406 7101.255990603101 
-7024831.66936224 -431549.6103853534 -1683866.685119065 -1767.872860835116 1086.606822076113 7123.497085862829 
-7045921.597108964 -418212.5528565633 -1596522.850218804 -1677.286487153825 1092.077521791101 7144.615965754751 
-7065900.819639732 -404809.5691360389 -1508927.342674778 -1586.432831327877 1097.376239375494 7164.609234543262 
-7084766.152018266 -391342.7700127991 -1421093.963300141 -1495.326180440967 1102.502129645875 7183.473672815263 
-7102514.584482593 -377814.2764581422 -1333036.551241342 -1403.980863135405 1107.454374453213 7201.206238028207 
-7119143.282940217 -364226.2192938337 -1244768.981809474 -1312.411247383442 1112.232182817677 7217.804065031056 
-7134649.589435959 -350580.7388586673 -1156305.164305408 -1220.631738251345 1116.834791059307 7233.264466558051 
-7149031.022592376 -336879.9846734523 -1067659.03983905 -1128.656775656552 1121.261462924534 7247.584933695175 
-7162285.278022683 -323126.1151044777 -978844.5791430532 -1036.500832118265 1125.51148970851 7260.763136319227 
-7174410.2287161 -309321.2970255042 -889875.7803813248 -944.1784105017816 1129.584190373229 7272.796923509391 
-7185403.925395536 -295467.7054783353 -800766.6669526598 -851.7040417569406 1133.47891166142 7283.684323931234 
-7195264.596847565 -281567.5233320211 -711531.2852898455 -759.0922826509884 1137.195028206193 7293.423546193008 
-7203990.650224598 -267622.9409407452 -622183.7026545726 -666.3577134962285 1140.731942636399 7302.012979174216 
-7211580.671319216 -253636.1558004477 -532738.0049284936 -573.5149358727865 1144.089085677712 7309.451192326317 
-7218033.424810588 -239609.3722042378 -443208.2944007717 -480.5785703468383 1147.265916249379 7315.736935945532 
-7223347.854482928 -225544.8008966476 -353608.6875524594 -387.5632541846441 1150.261921556651 7320.869141417647 
-7227523.083415942 -211444.6587267814 -263953.3128380527 -294.4836390627378 1153.076617178854 7324.846921434772 
-7230558.414147221 -197311.1683004134 -174256.3084645635 -201.3543887746186 1155.709547153089 7327.669570183967 
-7232453.328806531 -183146.5576310874 -84531.82016845448 -108.190176934293 1158.160284053542 7329.336563507693 
