-7232770.488434961 -167251.3924321532 14596.68706282081 -4.836109738038669 1160.645078300395 7329.70494638045 
-7232259.157191291 -153028.7263432743 104331.1997382026 88.365549715002 1162.70842684272 7328.938661938617 
-7230606.801746552 -138781.9207052088 194049.2521283164 181.5566929329467 1164.588408918534 7327.016050854424 
-7227813.640779515 -124513.2224108959 283736.6884038884 274.7226296021951 1166.284714683859 7323.937331015 
-7223880.072814696 -110224.8819701292 373379.3565170281 367.8486712067113 1167.797063150345 7319.702902252763 
-7218806.676186249 -95919.15315594833 462963.1104287702 460.9201333319744 1169.125202237891 7314.313346336617 
-7212594.20897365 -81598.29265041434 552473.8123363371 553.9223379696623 1170.268908822776 7307.769426934781 
-7205243.608909142 -67264.55968982328 641897.3348997702 646.8406158227142 1171.227988781309 7300.072089549244 
-7196755.993256984 -52920.21570941271 731219.5634675841 739.6603086104145 1172.00227702899 7291.222461421797 
-7187132.658664466 -38567.52398761663 820426.3983010998 832.3667713731483 1172.591637555139 7281.221851411646 
-7176375.080984705 -24208.74928992355 909503.756797103 924.945374776464 1172.995963453031 7270.071749844567 
-7164484.915071251 -9846.157512394251 998437.5757084815 1017.381507414087 1173.215176945474 7257.773828333608 
-7151463.994544504 4517.984675106875 1087213.813362493 1109.660578109532 1173.249229405868 7244.329939571338 
-7137314.331529957 18881.41018590964 1175818.451876317 1201.768018215941 1173.098101374696 7229.742117093614 
-7122038.116368286 33241.85187371018 1264237.499369539 1293.689283913805 1172.761802571474 7214.012575014876 
-7105637.717297353 47597.04288986178 1352456.992173217 1385.40985850619 1172.240371902121 7197.143707735015 
-7088115.680106087 61944.717040727 1440462.997035188 1476.915254711128 1171.533877461771 7179.138089617761 
-7069474.727760355 76282.60914503751 1528241.613321269 1568.191016950783 1170.642416532992 7159.998474640648 
-7049717.760000804 90608.45539120304 1615778.975211982 1659.22272363706 1169.566115579439 7139.72779601658 
-7028847.852912746 104919.9936945149 1703061.253894489 1749.995989453274 1168.305130234901 7118.329165786982 
-7006868.258468148 119214.9640541872 1790074.659749362 1840.496467631528 1166.859645287771 7095.805874386612 
-6983782.404039754 133491.1089101802 1876805.44453186 1930.709852225427 1165.229874660913 7072.16139018004 
-6959593.891887419 147746.1734997486 1963239.903547341 2020.621880377777 1163.41606138693 7047.399358969823 
-6934306.498616713 161977.9062136587 2049364.377820507 2110.218334582896 1161.418477578841 7021.523603476468 
-6907924.174609855 176184.0589520191 2135165.256258083 2199.485044943183 1159.237424396148 6994.538122790148 
-6880451.043429069 190362.3874796674 2220628.977804622 2288.407891419564 1156.873232006306 6966.447091794314 
-6851891.401192415 204510.6517810564 2305742.033591087 2376.972806075488 1154.326259541594 6937.254860561178 
-6822249.715922189 218626.6164145858 2390490.96907585 2465.16577531406 1151.596895051385 6906.965953719199 
-6791530.626865988 232708.0508663189 2474862.386177781 2552.972842107999 1148.685555449815 6875.585069792564 
-6759738.943790512 246752.7299030333 2558842.945401076 2640.380108222017 1145.592686458867 6843.117080512809 
-6726879.646248201 260758.4339245443 2642419.367951493 2727.373736427291 1142.31876254685 6809.567030102598 
-6692957.882816819 274722.949315248 2725578.437843645 2813.939952707633 1138.8642868623 6774.940134531763 
-6657978.970312074 288644.0687948279 2808307.003999011 2900.065048457035 1135.229791163297 6739.241780745686 
-6621948.392973393 302519.5917680662 2890591.982334342 2985.73538266819 1131.415835742202 6702.477525866119 
-6584871.801622959 316347.3246737071 2972420.357840105 3070.937384111649 1127.423009345825 6664.653096364524 
-6546755.012798119 330125.0813323146 3053779.186648641 3155.657553505264 1123.251929091027 6625.774387208017 
-6507604.007857312 343850.6832930685 3134655.598091706 3239.882465673531 1118.903240375773 6585.847460978083 
-6467424.932059596 357521.9601794442 3215036.796747038 3323.5987716965 1114.37761678563 6544.878546962069 
-6426224.09361796 371136.7500337197 3294910.064473662 3406.793201047888 1109.675759995733 6502.874040217661 
-6384007.962726504 384692.8996602547 3374262.762435555 3489.452563722015 1104.798399668216 6459.840500610409 
-6340783.170561668 398188.2649674858 3453082.333113364 3571.563752349258 1099.746293345141 6415.784651824435 
-6296556.508257621 411620.7113085846 3531356.30230387 3653.113744299621 1094.520226336903 6370.713380346457 
-6251334.925855966 424988.1138207201 3609072.281106823 3734.089603774082 1089.12101160616 6324.63373442325 
-6205125.531229936 438288.3577628741 3686217.967898862 3814.478483883391 1083.549489647272 6277.55292299268 
-6157935.5889832 451519.3388521526 3762781.150294197 3894.267628713921 1077.806528361283 6229.478314588478 
-6109772.519323466 464678.9635985397 3838749.707091711 3973.444375380271 1071.893022926446 6180.417436218839 
-6060643.896911037 477765.1496380387 3914111.610208167 4051.996156064233 1065.809895664322 6130.377972219078 
-6010557.449682485 490775.8260641472 3988854.926597229 4129.910500039802 1059.558095901448 6079.367763078422 
-5959521.057649618 503708.9337576109 4062967.820153941 4207.17503568388 1053.138599826621 6027.394804241135 
-5907542.751673929 516562.425714405 4136438.553604392 4283.777492472311 1046.552410343782 5974.467244882156 
-5854630.712216697 529334.267371885 4209255.490380216 4359.705702960949 1039.800556920547 5920.593386657372 
-5800793.268064905 542022.4369330595 4281407.096477657 4434.947604751354 1032.88409543239 5865.781682428728 
-5746038.895033229 554624.9256889259 4352881.942300848 4509.491242440849 1025.804108002498 5810.040734964374 
-5690376.21464221 567139.7383388213 4423668.704489054 4583.324769556545 1018.561702837328 5753.37929561397 
-5633813.992772871 579564.8933087331 4493756.167727516 4656.436450473034 1011.158014057879 5695.806262959405 
-5576361.138297945 591898.4230675175 4563133.226541653 4728.814662313399 1003.594201526705 5637.330681441068 
-5518026.70168995 604138.3744409739 4631788.887074267 4800.447896833223 995.8714506706945 5577.961739959901 
-5458819.873606275 616282.8089237248 4699712.26884552 4871.324762287269 987.990972299634 5517.708770455425 
-5398749.983451545 628329.8029888485 4766892.606495326 4941.433985278474 979.9540024205908 5456.581246459932 
-5337826.497917455 640277.4483952126 4833319.251507912 5010.764412588998 971.7618020481314 5394.588781629078 
-5276059.019500283 652123.8524924598 4898981.673918239 5079.305012992938 963.4156570104051 5331.74112824907 
-5213457.284996335 663867.1385235942 4963869.464000016 5147.044879050429 954.9168777511222 5268.048175720684 
-5150031.163975553 675505.4459251178 5027972.333934996 5213.973228882813 946.2667991274518 5203.519949020309 
-5085790.657233466 687036.9306246685 5091280.119463306 5280.079407928533 937.4667802038707 5138.166607138287 
-5020745.895221818 698459.7653361091 5153782.78151451 5345.352890679503 928.5182040419903 5071.998441494752 
-4954907.136458013 709772.1398520181 5215470.407819142 5409.78328239755 919.4224774863928 5005.025874333202 
-4888284.76591369 720972.2613335355 5276333.214500441 5473.360320810732 910.1810309465089 4937.259457092069 
-4820889.293382656 732058.354597514 5336361.547646017 5536.073877789146 900.7953181745683 4868.709868754509 
-4752731.351828416 743028.6624009248 5395545.884859168 5597.913960999958 891.266816039653 4799.387914176684 
-4683821.695711586 753881.4457224788 5453876.836789615 5658.870715541374 881.5970242978908 4729.304522394763 
-4614171.199297417 764614.9840414053 5511345.14864337 5718.93442555522 871.787465358822 4658.47074491093 
-4543790.854943719 775227.575613351 5567941.701671507 5778.095515817874 861.8396840479692 4586.897753958644 
-4472691.771369428 785717.5377433471 5623657.514637539 5836.344553309254 851.7552473656542 4514.596840747402 
-4400885.171904122 796083.2070558012 5678483.745263224 5893.672248759563 841.5357442420917 4441.579413687341 
-4328382.392718705 806322.9397614687 5732411.691652471 5950.069458173539 831.1827852887989 4367.856996593854 
-4255194.881037606 816435.1119213573 5785432.793693172 6005.527184331894 820.6980025463588 4293.441226872597 
-4181334.193332708 826418.1197075228 5837538.634436687 6060.03657826972 810.0830492285766 4218.343853685099 
-4106811.993499333 836270.3796607089 5888720.941454738 6113.588940731534 799.3395994630655 4142.576736095305 
-4031640.051014548 845990.3289447906 5938971.588173531 6166.175723602748 788.4693480283049 4066.151841197331 
-3955830.239078104 855576.4255979761 5988282.595184794 6217.788531317259 777.4740100872099 3989.081242224698 
-3879394.53273628 865027.1487807271 6036646.131533602 6268.419122240934 766.3553209172528 3911.377116641402 
-3802345.006988931 874340.9990203521 6084054.515982695 6318.05941003071 755.115035637181 3833.051744215068 
-3724693.834880072 883516.4984522351 6130500.218253094 6366.701464969075 743.7549289303707 3754.117505072521 
-3646453.285572246 892552.1910576549 6175975.860240821 6414.337515273668 732.2767947648613 3674.586877738075 
-3567635.72240503 901446.6428981595 6220474.21720949 6460.95994838176 720.6824461101163 3594.47243715487 
-3488253.600937969 910198.4423464495 6263988.218958569 6506.561312209396 708.9737146505514 3513.786852689544 
-3408319.466978238 918806.2003137384 6306510.950967113 6551.134316384913 697.1524504958775 3432.542886120591 
-3327845.954593381 927268.5504735433 6348035.655512783 6594.671833456681 685.2205218883054 3350.753389610707 
-3246845.784109402 935584.1494818765 6388555.73276591 6637.166900074745 673.179814906656 3268.431303663474 
-3165331.760094561 943751.6771937909 6428064.741858497 6678.612718146229 661.0322331674269 3185.589655064685 
-3083316.769329184 951769.8368762513 6466556.401927881 6719.00265596424 648.7796975228575 3102.241554808668 
-3000813.778761819 959637.3554172884 6504024.593134939 6758.330249310064 636.4241457560486 3018.400196009943 
-2917835.833452047 967352.9835314036 6540463.357656637 6796.589202528465 623.9675322731798 2934.078851800534 
-2834396.054500319 974915.4959611876 6575866.900652745 6833.773389575843 611.411827792876 2849.290873213308 
-2750507.6369651 982323.691675119 6610229.591206546 6869.876855041095 598.7590190327742 2764.049687051664 
-2666183.847767705 989576.3940615079 6643545.9632394 6904.893815138948 586.0111083933398 2678.36879374594 
-2581438.023585132 996672.4511185527 6675810.716398977 6938.818658675616 573.1701136389865 2592.261765196881 
-2496283.568731244 1003610.735640477 6707018.716920996 6971.645947986523 560.2380675765486 2505.742242606516 
-2410733.95302664 1010390.145399711 6737164.998464356 7003.370419845998 547.2170177311602 2418.823934296832 
-2324802.709657569 1017009.603325095 6766244.762919468 7033.986986348703 534.1090260195938 2331.52061351657 
-2238503.433024221 1023468.057676062 6794253.381189677 7063.490735762648 520.9161684211126 2243.846116236536 
-2151849.776578749 1029764.48221278 6821186.393945618 7091.876933353614 507.6405346458906 2155.814338933769 
-2064855.450653371 1035897.876362216 6847039.512352377 7119.141022180842 494.284227801053 2067.439236364969 
-1977534.220278918 1041867.265380102 6871808.61876933 7145.278623863815 480.8493640543959 1978.734819329516 
-1889899.902994156 1047671.700508767 6895489.767422534 7170.285539319979 467.3380722958379 1889.715152422483 
-1801966.366646271 1053310.259130809 6918079.185049539 7194.157749473275 453.752493796662 1800.394351778019 
-1713747.527182841 1058782.044918588 6939573.271516534 7216.891415933325 440.0947818666016 1710.786582803454 
-1625257.346435695 1064086.187979497 6959968.600407678 7238.482881645144 426.3671015088323 1620.906057904546 
-1536509.829896977 1069221.84499701 6979261.919586534 7258.928671509236 412.5716290729213 1530.767034202221 
-1447519.024487813 1074188.19936746 6997450.151729508 7278.225492971968 398.7105519057983 1440.383811241206 
-1358299.016319928 1078984.461332528 7014530.394831178 7296.370236586093 384.7860680008023 1349.770728690941 
-1268863.928450587 1083609.86810744 7030499.922681427 7313.359976541291 370.800385644864 1258.942164039154 
-1179227.918631222 1088063.684004814 7045356.185314301 7329.191971164649 356.7557230638855 1167.912530278498 
-1089405.177050113 1092345.20055417 7059096.809428512 7343.863663390953 342.6543080663733 1076.696273586635 
-999409.9240695075 1096453.736617056 7071719.59877948 7357.372681202705 328.4983776853884 985.3078710001616 
-909256.4079575234 1100388.638497786 7083222.534542875 7369.716838039772 314.2901778188705 893.761828082777 
-818958.9026152364 1104149.280049765 7093603.775649582 7380.894133178563 300.0319628684007 802.0726765880881 
-728531.7052993044 1107735.06277738 7102861.659092 7390.902752080682 285.7259953764602 710.2549721174481 
-637989.1343405128 1111145.415933438 7110994.700201659 7399.741066710965 271.3745456622503 618.3232917732321 
-547345.5268586141 1114379.796612146 7118001.592898068 7407.407635824808 256.9798914561324 526.2922318079484 
-456615.2364738375 1117437.689837599 7123881.209908766 7413.901205224773 242.5443175327524 434.1764052695875 
-365812.6310154445 1120318.60864777 7128632.602960509 7419.220707986363 228.0701153429106 341.9904396436173 
-274952.0902277125 1123022.094173991 7132255.002941589 7423.365264652943 213.5595826442408 249.7489744920209 
-184048.0034737161 1125547.715715895 7134747.820035215 7426.334183399743 199.0150231307608 157.4666590897879 
-93114.76743729447 1127895.070811831 7136110.643823952 7428.126960166911 184.4387460613591 65.15815005926484 
-2166.783823577383 1130063.785304707 7136343.24336519 7428.743278761573 169.833065887279 -27.16189099723077 
88781.54294154902 1132053.513403279 7135445.567237603 7428.183010928871 155.2003018786668 -119.4787998661232 
179715.8080126546 1133863.93773886 7133417.743558628 7426.446216391959 140.5427777502457 -211.7779120922092 
270621.6084262777 1135494.769417439 7130260.079972909 7423.533142860927 125.8628212861808 -304.0445653488019 
361484.545402357 1136945.748067201 7125973.063611718 7419.444226010661 111.1627639641999 -396.2641018079763 
452290.2266452019 1138216.641881444 7120557.361023385 7414.180089427591 96.4449405790337 -488.4218705105049 
543024.26864362 1139307.247656881 7114013.818074689 7407.741544525381 81.71168886524146 -580.5032297350779 
633672.2989698246 1140217.390827322 7106343.459823263 7400.129590429517 66.96534911948579 -672.493549366399 
724219.9585767329 1140946.925492727 7097547.490361012 7391.345413830822 52.20826382232286 -764.3782132617407 
814652.9040932888 1141495.734443624 7087627.292628568 7381.390388807926 37.44277725957261 -856.1426216155569 
904956.8101174163 1141863.729180893 7076584.428200812 7370.266076618687 22.67123514333402 -947.7721933217412 
995117.3715062309 1142050.849930908 7064420.637043488 7357.974225460603 7.895984232712093 -1039.252368333116 
1085120.305663128 1142057.065656028 7051137.837240946 7344.516770200265 -6.880628045679607 -1130.568610017755 
1174951.354821373 1141882.374060452 7036738.124695062 7329.895832071849 -21.65625397737353 -1221.706407511716 
1264596.288323804 1141526.801591412 7021223.772795389 7314.113718344738 -36.42854593979562 -1312.651278067792 
1354040.904898281 1140990.403435728 7004597.232060543 7297.172921960294 -51.19515678203887 -1403.38876939986 
1443271.0349285 1140273.263511705 6986861.129750965 7279.07612113784 -65.95374020459778 -1493.904462022424 
1532272.542719793 1139375.494456389 6968018.269453027 7259.826178949939 -80.70195113899791 -1584.183971584952 
1621031.328759539 1138297.23760817 6948071.630634616 7239.426142866995 -95.43744612725506 -1674.212951200598 
1709533.331971819 1137038.662984744 6927024.368172247 7217.879244271295 -110.157883701097 -1763.977093768896 
1797764.531965926 1135599.969256429 6904879.811849757 7195.188897940536 -124.860924760884 -1853.462134292045 
1885710.951278369 1133981.383714856 6881641.465828709 7171.35870150095 -139.5442329541604 -1942.653852184354 
1973358.657608 1132183.162237011 6857313.008090537 7146.392434850095 -154.2054750537742 -2031.538073574474 
2060693.76604388 1130205.589244667 6831898.289850576 7120.294059549429 -168.8423213354955 -2120.10067359999 
2147702.441285537 1128048.977659184 6805401.334944028 7093.067718186743 -183.4524459550716 -2208.327578694006 
2234370.899855216 1125713.668851702 6777826.339184007 7064.71773370861 -198.0335273246528 -2296.204768863294 
2320685.412301791 1123200.032588731 6749177.669691714 7035.248608722894 -212.5832484885204 -2383.718279957633 
2406632.305395947 1120508.466973142 6719459.864198919 7004.665024771506 -227.0992974980572 -2470.854205929938 
2492197.964316273 1117639.398380572 6688677.630322799 6972.971841573486 -241.5793677858902 -2557.598701086789 
2577368.834825917 1114593.281391257 6656835.844813314 6940.174096238571 -256.0211585391447 -2643.937982328958 
2662131.425439421 1111370.598717301 6623939.552773188 6906.277002451371 -270.4223750717422 -2729.858331381567 
2746472.309579399 1107971.861125386 6589993.96685067 6871.285949626276 -284.7807291956791 -2815.346097013474 
2830378.127722681 1104397.607354955 6555004.466405182 6835.206502033307 -299.0939395912223 -2900.387697245504 
2913835.58953559 1100648.404031858 6518976.596646001 6798.044397894965 -313.359732175955 -2984.969621547151 
2996831.475997968 1096724.845577495 6481916.067744125 6759.805548454338 -327.5758404726132 -3069.078433021366 
3079352.641515633 1092627.554113457 6443828.753917463 6720.496037014548 -341.7400059756441 -3152.700770577053 
3161386.016020895 1088357.179361697 6404720.692489503 6680.122117949764 -355.8499785164278 -3235.82335108889 
3242918.607060786 1083914.398540223 6364598.082921619 6638.690215687925 -369.9035166270944 -3318.432971544129 
3323937.501872674 1079299.916254364 6323467.285819164 6596.206923665342 -383.8983879028792 -3400.516511175962 
3404429.869446894 1074514.464383593 6281334.821911555 6552.679003253418 -397.8323693629479 -3482.06093358313 
3484382.962576084 1069558.801963948 6238207.371006466 6508.113382657607 -411.7032478096335 -3563.05328883538 
3563784.119890857 1064433.715066072 6194091.770918341 6462.517155788859 -425.5088201860198 -3643.480715564408 
3642620.7678815 1059140.016668872 6148995.016371416 6415.897581107726 -439.2468939318141 -3723.330443039956 
3720880.422905345 1053678.546528842 6102924.257877382 6368.262080441334 -452.9152873374426 -3802.58979323067 
3798550.693179504 1048050.171045057 6055886.800587944 6319.618237773457 -466.5118298963119 -3881.246182849395 
3875619.280758614 1042255.783119872 6007890.10312241 6269.973798007868 -480.0343626551735 -3959.287125382535 
3952073.983497287 1036296.302015333 5958941.776370564 6219.336665705227 -493.4807385625327 -4036.700233103146 
4027902.696996931 1030172.673205341 5909049.582270957 6167.714903793694 -506.8488228150404 -4113.473219067411 
4103093.416536632 1023885.868223595 5858221.43256489 6115.116732253534 -520.1364932018106 -4189.593899094158 
4177634.238987763 1017436.884507314 5806465.387526257 6061.550526775922 -533.3416404466024 -4265.050193727067 
4251513.364712023 1010826.745236802 5753789.654667458 6007.024817396194 -546.4621685478097 -4339.830130179283 
4324719.09944259 1004056.499170851 5700202.58742164 5951.548287101792 -559.4959951161998 -4413.921844260024 
4397239.856148061 997127.220478032 5645712.683801433 5895.129770415157 -572.4410517103427 -4487.31358228294 
4469064.156878927 990040.0085638878 5590328.585034467 5837.778251951801 -585.2952841696755 -4559.99370295583 
4540180.634596191 982795.9878940645 5534059.074175837 5779.502864953842 -598.0566529451435 -4631.950679251456 
4610578.034981933 975396.3078134117 5476913.074697806 5720.312889799252 -610.7231334273632 -4703.173100259085 
4680245.218231444 967842.1423610791 5418899.649056944 5660.21775248708 -623.2927162722501 -4773.649673016493 
4749171.16082668 960134.6900816415 5360027.997238964 5599.227023098932 -635.7634077240581 -4843.36922432208 
4817344.957290739 952275.1738322868 5300307.455281499 5537.350414236963 -648.1332299357733 -4912.320702526846 
4884755.821923072 944264.8405860959 5239747.493775053 5474.597779438695 -660.4002212868108 -4980.493179305851 
4951393.090515134 936104.9612314519 5178357.716342411 5410.979111568914 -672.5624366979587 -5047.875851408949 
5017246.222046219 927796.8303676083 5116147.858096716 5346.504541188929 -684.6179479435174 -5114.458042390428 
5082304.800359193 919341.7660964554 5053127.784078527 5281.184334903514 -696.5648439605817 -5180.229204317326 
5146558.535815853 910741.1098105147 4989307.487672078 5215.028893685816 -708.4012311554137 -5245.178919456096 
5209997.26693163 901996.2259772051 4924697.089001024 5148.048751180502 -720.1252337068549 -5309.296901937376 
5272610.961989415 893108.501919408 4859306.833303945 5080.254571985492 -731.7349938667275 -5372.572999398551 
5334389.720632185 884079.3475923758 4793147.089289871 5011.657149912547 -743.2286722571739 -5434.997194603878 
5395323.775434236 874910.1953570201 4726228.347474115 4942.267406227041 -754.6044481648859 -5496.55960704187 
5455403.493450709 865602.4997496129 4658561.21849469 4872.096387867233 -765.8605198321751 -5557.250494499704 
5514619.377745221 856157.7372479484 4590156.431409589 4801.15526564334 -776.995104744833 -5617.06025461438 
5572962.068895311 846577.4060339979 4521024.831975219 4729.455332416745 -788.0064399167402 -5675.979426400385 
5630422.346475459 836863.0257530999 4451177.380906275 4657.008001259663 -798.8927821711674 -5733.998691753609 
5686991.130517486 827016.1372697288 4380625.152117358 4583.824803595579 -809.6524084187346 -5791.108876931279 
5742659.482948048 817038.302419879 4309379.330946605 4509.917387320814 -820.2836159319712 -5847.300954007657 
5797418.609003033 806931.1037601104 4237451.212361663 4435.297514907515 -830.7847226164392 -5902.566042305286 
5851259.858618608 796696.1443132944 4164852.199148281 4359.97706148845 -841.1540672783746 -5956.895409801536 
5904174.727798711 786335.0473111059 4091593.800081832 4283.968012923902 -851.3900098887989 -6010.28047451024 
5956154.859958785 775849.4559333016 4017687.628082088 4207.282463851044 -861.490931844065 -6062.7128058382 
6007192.047245497 765241.0330438345 3943145.398351524 4129.932615716109 -871.4552362227888 -6114.18412591633 
6057278.231832287 754511.4609238388 3867978.926497491 4051.93077478972 -881.28134803913 -6164.686310905252 
6106405.507190496 743662.4410015432 3792200.12663856 3973.28935016573 -890.9677144923764 -6214.211392275118 
6154566.11933591 732695.6935791466 3715821.009495358 3894.020851743917 -900.5128052127999 -6262.751558059482 
6201752.468050507 721612.9575567091 3638853.680466207 3814.137888196889 -909.915112503734 -6310.299154082995 
6247957.108079202 710415.9901531012 3561310.337687898 3733.653164921568 -919.1731515798446 -6356.846685162765 
6293172.750301444 699106.5666240603 3483203.270081923 3652.579481975603 -928.2854608015506 -6402.386816283177 
6337392.262877443 687686.4799774014 3404544.855386472 3570.929731999074 -937.250601905558 -6446.912373744002 
6380608.672368857 676157.540685427 3325347.558174554 3488.716898121861 -946.0671602314737 -6490.41634628162 
6422815.164833796 664521.5763945895 3245623.927858552 3405.954051857028 -954.7337449444616 -6532.891886163182 
6464005.08689593 652780.4316324509 3165386.59668154 3322.654350980614 -963.2489892539055 -6574.332310253552 
6504171.946787564 640935.9675119882 3084648.277695719 3238.831037398173 -971.611550628048 -6614.731101054875 
6543309.41536652 628990.0614333005 3003421.762728277 3154.49743499846 -979.82011100457 -6654.081907718602 
6581411.327106657 616944.6067827566 2921719.920335048 3069.666947494629 -987.8733769970792 -6692.378547029839 
6618471.681061889 604801.5126296459 2839555.693742272 2984.353056253302 -995.7700800974756 -6729.615004363871 
6654484.641803547 592562.7034203726 2756942.098776825 2898.569318111921 -1003.508976874163 -6765.78543461471 
6689444.540330965 580230.118670251 2673892.221785247 2812.329363184725 -1011.088849166081 -6800.884163095572 
6723345.874955116 567805.7126529511 2590419.217541927 2725.646892657758 -1018.508504272519 -6834.905686411101 
6756183.312155196 555291.4540876449 2506536.307146771 2638.535676573277 -1025.766775138692 -6867.844673301265 
6787951.687408026 542689.3258239072 2422256.775912721 2551.009551603947 -1032.862520537054 -6899.695965456785 
6818646.005990129 530001.3245244244 2337593.971243459 2463.082418817207 -1039.794625244306 -6930.454578305988 
6848261.443752394 517229.4603455604 2252561.300501662 2374.768241430188 -1046.562000214089 -6960.115701772985 
6876793.347867179 504375.7566158359 2167172.228868142 2286.081042555574 -1053.163582745336 -6988.674701007043 
6904237.237547779 491442.2495123734 2081440.277192235 2197.034902938794 -1059.598336646245 -7016.127117083125 
6930588.804740136 478430.9877353609 1995379.019833791 2107.643958686927 -1065.865252393864 -7042.468667673416 
6955843.914786681 465344.0321805896 1909002.082497125 2017.922398989709 -1071.96334728926 -7067.69524768982 
6979998.607062246 452183.4556101179 1822323.140057273 1927.884463833036 -1077.891665608249 -7091.802929897324 
7003049.095581934 438951.3423211186 1735355.914378919 1837.544441705358 -1083.649278747668 -7114.787965498147 
7024991.769580857 425649.7878129618 1648114.172128353 1746.916667297336 -1089.235285367169 -7136.64678468662 
7045823.194065684 412280.8984525895 1560611.722578811 1656.015519195171 -1094.648811526514 -7157.375997174717 
7065540.110337899 398846.7911382366 1472862.415409564 1564.855417567986 -1099.889010818357 -7176.972392688203 
7084139.436488728 385349.5929615552 1384880.138499106 1473.450821849664 -1104.955064496483 -7195.432941433317 
7101618.267865633 371791.4408681951 1296678.815712825 1381.816228415511 -1109.846181599512 -7212.754794533964 
7117973.877510346 358174.4813168987 1208272.40468548 1289.966168254168 -1114.561599070019 -7228.935284439356 
7133203.716568369 344500.8699371652 1119674.894598886 1197.915204635137 -1119.100581869088 -7243.971925302091 
7147305.414669887 330772.7711855405 1030900.303955144 1105.677930772321 -1123.462423086257 -7257.862413326603 
7160276.780282063 316992.3580005897 941962.6783457851 1013.268967483984 -1127.646444044862 -7270.604627087984 
7172115.801032657 303161.8114566072 852876.0882171992 920.7029608494922 -1131.651994402759 -7282.196627821149 
7182820.644004939 289283.3204161227 763654.6266326969 827.9945798632663 -1135.478452248405 -7292.636659680316 
7192389.656003865 275359.0811812593 674312.4070315836 735.1585140863006 -1139.125224192303 -7301.923149968814 
7200821.363793494 261391.2971439998 584863.5609855951 642.2094712956637 -1142.59174545379 -7310.054709339182 
7208114.474305602 247382.17843542 495322.2359530721 549.1621751323585 -1145.877479943156 -7317.030131963586 
7214267.874819507 233333.941573945 405702.5930312242 456.0313627479386 -1148.981920339096 -7322.848395674544 
7219280.633113064 219248.8091126847 316018.8047068551 362.8317824502645 -1151.904588161481 -7327.508662075976 
7223151.997584844 205129.0092859087 226285.0526059111 269.5781913487918 -1154.645033839444 -7331.010276624578 
7225881.397347474 190976.7756547155 136515.5252422123 176.2853529997789 -1157.202836774764 -7333.352768681568 
7227468.442292145 176794.3467519542 46724.41576573286 82.96803505179811 -1159.577605400567 -7334.535851534792 
7227912.923124319 162583.9657264573 -43074.08028920812 -10.35899310805957 -1161.768977235311 -7334.559422391259 
7227214.811370599 148347.8799866398 -132865.7672554831 -103.6809627069036 -1163.776618932074 -7333.423562340107 
7225374.259356819 134088.3408435257 -222636.4515840604 -196.9831079373035 -1165.600226323128 -7331.128536286061 
7222391.600157356 119807.6031532551 -312371.9440939102 -290.2506683067042 -1167.23952445981 -7327.674792853415 
7218267.347515679 105507.924959135 -402058.0622205573 -383.4688909846142 -1168.694267647671 -7323.062964260592 
7213002.195736198 91191.56713328566 -491680.6322629171 -476.6230331471917 -1169.964239476922 -7317.293866165345 
7206597.019547409 76860.79301794524 -581225.4916280591 -569.6983643188431 -1171.049252848166 -7310.368497480645 
7199052.873936395 62517.86806648712 -670678.4910735321 -662.6801687104584 -1171.949149993419 -7302.288040161317 
7190370.993954727 48165.05948420866 -760025.4969469055 -755.5537475539093 -1172.663802492425 -7293.053858961522 
7180552.794495806 33804.63586894984 -849252.3934221562 -848.3044214324308 -1173.193111284263 -7282.667501163122 
7169599.870043694 19438.86685159789 -938345.0847325579 -940.9175326065181 -1173.537006674259 -7271.13069627503 
7157513.994393514 5070.022736535867 -1027289.497399709 -1033.378447334962 -1173.695448336194 -7258.445355703613 
7144297.120343449 -9299.625857906278 -1116071.582458349 -1125.672558190654 -1173.668425309826 -7244.613572394258 
7129951.379358427 -23667.80835894219 -1204677.317676612 -1217.785286370799 -1173.455955993721 -7229.637620444171 
7114479.081205565 -38032.25459870324 -1293092.709771361 -1309.702084001157 -1173.058088133411 -7213.519954686511 
7097882.713561439 -52390.69517343857 -1381303.796618259 -1401.40843643396 -1172.47489880488 -7196.263210245973 
7080164.941591247 -66740.861802485 -1469296.649456225 -1492.88986453914 -1171.706494393381 -7177.87020206591 
7061328.607499978 -81080.48768694853 -1557057.37508592 -1584.131926988495 -1170.753010567607 -7158.343924407116 
7041376.730055661 -95407.30786804175 -1644572.118061938 -1675.120222532457 -1169.614612249213 -7137.687550318378 
7020312.504084777 -109719.0595850191 -1731827.062878324 -1765.840392269081 -1168.291493577708 -7115.904431078924 
6998139.29993995 -124013.4826326547 -1818808.436147111 -1856.278121904921 -1166.783877870719 -7092.998095612876 
6974860.662939999 -138288.3197182045 -1905502.508769508 -1946.419144007419 -1165.092017579654 -7068.972249875857 
6950480.312782478 -152541.3168177987 -1991895.598099411 -2036.249240248487 -1163.216194240756 -7043.830776213869 
6925002.142928802 -166770.2235322059 -2077974.070098899 -2125.754243638898 -1161.156718421583 -7017.577732694576 
6898430.219962069 -180972.7934419141 -2163724.341485365 -2214.920040753175 -1158.913929662915 -6990.217352411151 
6870768.78291771 -195146.7844614727 -2249132.881869966 -2303.732573944605 -1156.488196416103 -6961.75404275881 
6842022.242587071 -209289.9591930406 -2334186.215887051 -2392.177843550062 -1153.879915975882 -6932.192384684197 
6812195.180794078 -223400.0852790819 -2418870.925314222 -2480.241910084289 -1151.08951440866 -6901.537131907769 
6781292.349645107 -237474.9357541578 -2503173.651182721 -2567.910896423292 -1148.117446476299 -6869.793210119326 
6749318.670752169 -251512.2893957577 -2587081.095877796 -2655.170989976546 -1144.964195555413 -6836.965716146882 
6716279.234429583 -265509.9310741138 -2670580.025228742 -2742.008444847647 -1141.630273552191 -6803.059917098977 
6682179.298864291 -279465.6521009469 -2753657.270588261 -2828.4095839831 -1138.116220812766 -6768.081249480688 
6647024.289259889 -293377.2505770863 -2836299.730900855 -2914.360801308921 -1134.422606029164 -6732.035318283414 
6610819.796954632 -307242.5317389135 -2918494.374759911 -2999.848563854717 -1130.550026140829 -6694.9278960487 
6573571.578513461 -321059.3083035701 -3000228.242453157 -3084.859413864944 -1126.499106231767 -6656.764921906207 
6535285.554794307 -334825.4008128823 -3081488.447996203 -3169.379970896999 -1122.270499423315 -6617.552500586073 
6495967.809988755 -348538.6379759453 -3162262.181153807 -3253.396933905859 -1117.864886762572 -6577.296901405788 
6455624.590637285 -362196.8570103145 -3242536.70944861 -3336.897083314951 -1113.282977106498 -6536.004557231846 
6414262.304619251 -375797.9039817525 -3322299.380156986 -3419.867283072921 -1108.525507001718 -6493.6820634163 
6371887.520117754 -389339.6341424769 -3401537.622291726 -3502.294482696029 -1103.593240560049 -6450.336176708473 
6328506.964559603 -402819.9122678598 -3480238.948571246 -3584.165719295856 -1098.486969329778 -6405.97381414197 
6284127.523530549 -416236.6129915242 -3558390.957375025 -3665.468119592009 -1093.207512162715 -6360.602051897271 
6238756.239665962 -429587.6211387871 -3635981.334684954 -3746.188901909557 -1087.75571507704 -6314.228124140021 
6192400.311517149 -442870.8320583993 -3712997.856012333 -3826.315378160878 -1082.132451115988 -6266.859421835309 
6145067.092393516 -456084.1519525271 -3789428.388310188 -3905.834955811652 -1076.338620202378 -6218.503491538109 
6096764.089180743 -469225.4982049302 -3865260.891870647 -3984.735139830682 -1070.37514898903 -6169.168034160095 
6047498.961135198 -482292.7997072818 -3940483.422207072 -4063.003534623304 -1064.242990705088 -6118.860903713082 
5997279.518654779 -495283.9971835825 -4015084.131920657 -4140.627845948056 -1057.943124998291 -6067.590106029285 
5946113.722026393 -508197.0435126189 -4089051.272551226 -4217.595882816375 -1051.476557773198 -6015.363797458645 
5894009.680150289 -521029.904048417 -4162373.196411946 -4293.895559375011 -1044.844321025427 -5962.190283543435 
5840975.649241434 -533780.5569386408 -4235038.358407659 -4369.51489677092 -1038.047472671908 -5908.078017670391 
5787020.031508193 -546446.99344089 -4307035.317836594 -4444.442024998341 -1031.087096377209 -5853.035599700598 
5732151.373808477 -559027.2182368468 -4378352.74017516 -4518.665184727816 -1023.964301375946 -5797.071774577364 
5676378.366283628 -571519.249744224 -4448979.398845558 -4592.172729116883 -1016.680222291319 -5740.19543091233 
5619709.840970249 -583921.1204264691 -4518904.176965971 -4664.95312560218 -1009.236018949802 -5682.415599550073 
5562154.770390198 -596230.8771001756 -4588116.069083012 -4736.994957672717 -1001.632876192024 -5623.741452111405 
5503722.266118993 -608446.5812401554 -4656604.182886253 -4808.286926624067 -993.8720036798726 -5564.182299515663 
5444421.577332863 -620566.3092821274 -4724357.740904501 -4878.817853293219 -985.954635699855 -5503.747590482229 
5384262.089334676 -632588.1529229759 -4791366.08218362 -4948.576679773864 -977.8820309627481 -5442.446910011507 
5323253.322058979 -644510.219418533 -4857618.663945622 -5017.552471111857 -969.6554723995758 -5380.289977845659 
5261404.928556421 -656330.6318788398 -4923105.063228795 -5085.734416980635 -961.2762669539494 -5317.28664690931 
5198726.693457766 -668047.5295608466 -4987814.978508621 -5153.111833336364 -952.7457453708043 -5253.446901730535 
5135228.53141779 -679659.0681585011 -5051738.231299235 -5219.674164052562 -944.0652619815704 -5188.780856842335 
5070920.485539268 -691163.4200901859 -5114864.767735202 -5285.410982533987 -935.2361944858144 -5123.298755164921 
5005812.725777355 -702558.774783463 -5177184.660133366 -5350.31199330959 -926.2599437293896 -5057.010966369036 
4939915.547324569 -713843.3389570774 -5238688.108534556 -5414.367033604257 -917.1379334791317 -4989.927985220601 
4873239.368976686 -725015.3369001853 -5299365.442224903 -5477.566074889212 -907.8716101941378 -4922.060429906957 
4805794.731479765 -736073.0107487586 -5359207.121236563 -5539.899224410777 -898.4624427936681 -4853.419040344978 
4737592.295858596 -747014.6207591284 -5418203.737827597 -5601.356726697347 -888.9119224217088 -4784.014676471321 
4668642.841726846 -757838.4455786254 -5476346.017940842 -5661.928965044362 -879.2215622082364 -4713.8583165151 
4598957.265579137 -768542.7825132777 -5533624.822641493 -5721.60646297706 -869.3928970272194 -4642.961055253276 
4528546.579065368 -779125.9477925261 -5590031.149533258 -5780.379885690831 -859.4274832514039 -4571.334102249003 
4457421.907247537 -789586.2768309177 -5645556.134152803 -5838.240041468976 -849.3268985039168 -4498.988780073278 
4385594.486839345 -799922.1244867386 -5700191.051342361 -5895.177883077678 -839.0927414067321 -4425.936522510116 
4313075.664428859 -810131.8653175486 -5753927.316600235 -5951.184509138011 -828.7266313260399 -4352.18887274558 
4239876.894684524 -820213.8938325801 -5806756.487409062 -6006.251165474785 -818.2302081145586 -4277.757481540937 
4166009.738544797 -830166.6247419623 -5858670.264541585 -6060.369246442087 -807.6051318508336 -4202.654105390245 
4091485.861391698 -839988.4932027365 -5909660.493343801 -6113.530296225302 -796.8530825755649 -4126.890604662631 
4016317.031208577 -849677.9550616253 -5959719.164995256 -6165.726010119458 -785.9757600250043 -4050.478941729599 
3940515.116722352 -859233.487094519 -6008838.417746325 -6216.948235783753 -774.9748833614658 -3973.431179077626 
3864092.085530558 -868653.587242646 -6057010.53813231 -6267.188974472079 -763.8521909009953 -3895.759477406361 
3787060.002213462 -877936.7748453924 -6104227.962164137 -6316.440382239372 -752.6094398382385 -3817.476093712718 
3709431.026431564 -887081.5908697345 -6150483.276495546 -6364.69477112366 -741.2484059685517 -3738.593379361167 
3631217.411008784 -896086.5981362542 -6195769.219566551 -6411.944610303654 -729.7708834074036 -3659.123778140525 
3552431.500001607 -904950.3815417021 -6240078.682723034 -6458.18252723171 -718.1786843071084 -3579.079824307537 
3473085.726754525 -913671.5482780747 -6283404.711312311 -6503.401308742045 -706.473638570934 -3498.474140617563 
3393192.611942057 -922248.72804818 -6325740.505754497 -6547.593902134066 -694.6575935646346 -3417.319436342673 
3312764.761597664 -930680.5732776496 -6367079.422589554 -6590.753416230643 -682.7324138254507 -3335.62850527745 
3231814.865129848 -938965.7593233794 -6407414.975499818 -6632.873122411244 -670.6999807686195 -3253.414223732813 
3150355.693325779 -947102.9846783559 -6446740.836307934 -6673.946455619763 -658.562192391445 -3170.689548518162 
3068400.096342716 -955090.9711728502 -6485050.835949972 -6713.967015346926 -646.3209629749723 -3087.467514912164 
2985961.001687569 -962928.4641719408 -6522338.965423666 -6752.928566587174 -633.9782227833125 -3003.761234622475 
2903051.412184902 -970614.2327693442 -6558599.376711588 -6790.825040769872 -621.5359177606633 -2919.583893734718 
2819684.40393369 -978147.0699775198 -6593826.383679153 -6827.650536664759 -608.9960092260748 -2834.948750651035 
2735873.124253151 -985525.792914026 -6628014.46294733 -6863.399321261509 -596.3604735660036 -2749.8691340185 
2651630.789617964 -992749.2429840979 -6661158.254739917 -6898.065830623318 -583.6313019247068 -2664.358440647737 
2566970.683583202 -999816.286059423 -6693252.563705281 -6931.644670714383 -570.8104998925177 -2578.430133422036 
2481906.154699293 -1006725.812653084 -6724292.359712447 -6964.130618201209 -557.900087192056 -2492.097739197293 
2396450.614417327 -1013476.738090655 -6754272.778621421 -6995.518621227624 -544.9020973624177 -2405.374846693071 
2310617.534985042 -1020068.002677406 -6783189.123027625 -7025.803800163427 -531.8185774413904 -2318.275104375129 
2224420.447333799 -1026498.571861623 -6811036.86298038 -7054.981448326563 -518.6515876457474 -2230.812218329699 
2137872.938956887 -1032767.436393983 -6837811.636675303 -7083.047032678762 -505.4032010496643 -2142.999950129862 
2050988.651779463 -1038873.612482998 -6863509.251120526 -7109.996194494541 -492.0755032613068 -2054.852114694313 
1963781.280020477 -1044816.141946474 -6888125.682776676 -7135.824750003519 -478.6705920976418 -1966.382578138845 
1876264.568046887 -1050594.09235899 -6911657.078170493 -7160.528691005936 -465.1905772575165 -1877.605255620878 
1788452.308220506 -1056206.557195353 -6934099.754482013 -7184.104185461342 -451.637579993056 -1788.534109177336 
1700358.338737808 -1061652.655970033 -6955450.200105266 -7206.547578050377 -438.0137327794297 -1699.183145556197 
1611996.541463019 -1066931.53437253 -6975705.075182349 -7227.855390709556 -424.3211789830323 -1609.566414042046 
1523380.839754826 -1072042.364398682 -6994861.212110886 -7248.024323139057 -410.5620725281325 -1519.698004275931 
1434525.196287037 -1076984.344477875 -7012915.61602472 -7267.051253283395 -396.7385775620361 -1429.592044069863 
1345443.610863519 -1081756.69959615 -7029865.465247859 -7284.933237784987 -382.8528681188139 -1339.26269721626 
1256150.118227751 -1086358.681415178 -7045708.111721537 -7301.667512410503 -368.9071277816448 -1248.724161292674 
1166658.785867325 -1090789.568387099 -7060441.081404392 -7317.251492450019 -354.9035493438221 -1157.990665462111 
1076983.711813725 -1095048.665865198 -7074062.074645682 -7331.682773088889 -340.8443344684752 -1067.07646826926 
987139.0224377195 -1099135.306210414 -7086568.966531497 -7344.959129752317 -326.7316933470535 -975.9958554329722 
897138.8702407079 -1103048.848893651 -7097959.807203925 -7357.078518422603 -312.5678443566268 -884.7631376352841 
806997.4316423425 -1106788.680593893 -7108232.82215312 -7368.039075929001 -298.3550137160476 -793.3926483073288 
716728.9047647755 -1110354.215292105 -7117386.412482262 -7377.839120210222 -284.0954351410298 -701.8987414124415 
626347.5072138587 -1113744.894360893 -7125419.15514534 -7386.477150549495 -269.7913494981905 -610.2957892267884 
535867.4738576302 -1116960.186649938 -7132329.803157772 -7393.951847782214 -255.445004458109 -518.5981801178351 
445303.054602431 -1119999.588567162 -7138117.285779793 -7400.262074476145 -241.0586541474488 -426.8203163209774 
354668.5121669802 -1122862.624155643 -7142780.708672627 -7405.406875084162 -226.634558800198 -334.9766117146536 
263978.119854751 -1125548.845166241 -7146319.354027407 -7409.38547606953 -212.1749844080753 -243.0814895942627 
173246.1593249775 -1128057.831125952 -7148732.680666838 -7412.197286003727 -197.6822023701534 -151.1493804451993 
82486.9183626369 -1130389.189401959 -7150020.324119579 -7413.841895636784 -183.1584891417501 -59.19471971533952 
-8285.31135226727 -1132542.555261382 -7150182.096667377 -7414.319077940178 -168.6061258826388 32.76805441271748 
-99056.23647577289 -1134517.591926724 -7149217.987364899 -7413.628788122253 -154.0273981046273 124.7245032493228 
-189811.564231053 -1136313.990626984 -7147128.162032314 -7411.771163616201 -139.4245953185577 216.6601898250505 
-280537.0046391907 -1137931.470644461 -7143912.963220595 -7408.746524040614 -124.8000106807767 308.5606811172503 
-371218.2727493056 -1139369.779357218 -7139572.910149577 -7404.555371132604 -110.1559406391272 400.4115502755636 
-461841.0908676921 -1140628.692277208 -7134108.698618767 -7399.198388653544 -95.49468457851361 492.1983788460832 
-552391.1907856381 -1141708.013084063 -7127521.200890945 -7392.676442267434 -80.8185444660897 583.9067589938384 
-642854.3160055843 -1142607.573654536 -7119811.465548565 -7384.990579391914 -66.12982449612053 675.5222957232909 
-733216.223965293 -1143327.23408759 -7110980.717322961 -7376.142029021975 -51.43083073457031 767.0306090965239 
-823462.6882596969 -1143866.882725138 -7101030.356896456 -7366.132201526377 -36.7238707634652 858.4173364488107 
-913579.500860078 -1144226.436168426 -7089961.960677315 -7354.962688416853 -22.01125332508373 949.668134601238 
-1003552.474330264 -1144405.839290057 -7077777.280547663 -7342.635262090077 -7.295287966023894 1040.768682070086 
-1093367.444039494 -1144405.065241664 -7064478.243584358 -7329.151875542517 7.421715318800191 1131.704681272634 
-1183010.270371633 -1144224.115457215 -7050066.951752892 -7314.514662058151 22.13744644218402 1222.46186072909 
-1272466.840930385 -1143863.019651965 -7034545.681574345 -7298.725934869145 36.84959558062688 1313.025977260324 
-1361723.072740202 -1143321.83581705 -7017916.883765475 -7281.788186789525 51.55585353024669 1403.382818181097 
-1450764.914442534 -1142600.650209721 -7000183.182851971 -7263.704089821911 66.25391206256276 1493.518203488473 
-1539578.348487099 -1141699.577339223 -6981347.376754957 -7244.476494737375 80.94146428009721 1583.417988045104 
-1628149.393317849 -1140618.759948332 -6961412.436350794 -7224.108430628473 95.6162049717431 1673.068063757078 
-1716464.105553299 -1139358.368990524 -6940381.505004241 -7202.603104435549 110.2758309678498 1762.454361746015 
-1804508.582160891 -1137918.603602817 -6918257.898075089 -7179.963900446345 124.9180414949754 1851.562854515117 
-1892268.96262507 -1136299.691074262 -6895045.102398282 -7156.194379769033 139.5405385302536 1940.379558108852 
-1979731.431108746 -1134501.8868101 -6870746.775737655 -7131.298279778716 154.1410271553277 2028.890534265965 
-2066882.218607822 -1132525.474291587 -6845366.746213355 -7105.279513537484 168.7172159097993 2117.081892565524 
-2153707.605098446 -1130370.765031503 -6818909.011703035 -7078.142169188137 183.2668171441416 2204.939792565677 
-2240193.921676701 -1128038.098525334 -6791377.73921688 -7049.89050932162 197.7875473720281 2292.450445934839 
-2326327.552690371 -1125527.842198146 -6762777.264246643 -7020.528970318313 212.2771276220264 2379.600118574982 
-2412094.937862492 -1122840.391347164 -6733112.090088679 -6990.062161663202 226.7332837886063 2466.375132736749 
-2497482.574406357 -1119976.169080051 -6702386.887141173 -6958.49486523513 241.1537469824133 2552.761869126068 
-2582477.019131662 -1116935.626248905 -6670606.492175614 -6925.832034570103 255.5362538797565 2638.746769001999 
-2667064.890541477 -1113719.241379987 -6637775.907582646 -6892.078794098877 269.8785470712637 2724.31633626548 
-2751232.870919716 -1110327.520599175 -6603900.300592395 -6857.24043835885 284.1783754096497 2809.457139538695 
-2834967.708408815 -1106760.997553182 -6568985.002469405 -6821.322431180412 298.4334943565539 2894.15581423477 
-2918256.21907728 -1103020.233326515 -6533035.507682302 -6784.330404847853 312.6416663283927 2978.39906461749 
-3001085.288976816 -1099105.816354221 -6496057.47304828 -6746.270159234945 326.8006610411806 3062.173665850753 
-3083441.876188715 -1095018.362330411 -6458056.716852591 -6707.147660915337 340.9082558542705 3145.466466037465 
-3165313.0128592 -1090758.514112582 -6419039.217943109 -6666.969042247855 354.9622361129622 3228.264388247591 
-3246685.80722341 -1086326.941621758 -6379011.114800147 -6625.740600436869 368.960395489933 3310.554432535047 
-3327547.445617744 -1081724.341738447 -6337978.704581661 -6583.46879656783 382.9005363254392 3392.323677943194 
-3407885.194480233 -1076951.438194451 -6295948.442143948 -6540.16025461813 396.7804699662424 3473.559284498595 
-3487686.402338652 -1072008.981460533 -6252926.939038023 -6495.821760443409 410.5980171032091 3554.248495192773 
-3566938.501786083 -1066897.74862995 -6208920.962481812 -6450.460260739454 424.351008107539 3634.3786379517 
-3645629.011443604 -1061618.543297892 -6163937.434308289 -6404.082861979839 438.0372833655694 3713.937127592697 
-3723745.537909841 -1056172.195436822 -6117983.429889757 -6356.696829329439 451.6546936121123 3792.911467768507 
-3801275.777697053 -1050559.561267744 -6071066.177038395 -6308.309585533972 465.2011002622731 3871.289252898215 
-3878207.519153489 -1044781.523127421 -6023193.054883245 -6258.92870978574 478.6743757417047 3949.058170084783 
-3954528.644371708 -1038838.989331561 -5974371.592723808 -6208.561936565688 492.0724038152489 4026.206001018886 
-4030227.131082579 -1032732.894033986 -5924609.468860425 -6157.217154461967 505.3930799139179 4102.720623868793 
-4105291.054534677 -1026464.197081808 -5873914.509401591 -6104.902404965173 518.6343114601699 4178.590015156026 
-4179708.589358775 -1020033.883866636 -5822294.687048404 -6051.625881240384 531.7940181914302 4253.802251616484 
-4253468.011417179 -1013442.965171832 -5769758.119856321 -5997.395926876196 544.8701324818109 4328.345512046826 
-4326557.699637592 -1006692.47701584 -5716313.069974395 -5942.221034610936 557.8605996619849 4402.208079135793 
-4398966.137831252 -999783.480491607 -5661967.942362178 -5886.109845036191 570.7633783371662 4475.378341280218 
-4470681.916495056 -992717.0616021277 -5606731.283484505 -5829.071145277867 583.5764407031494 4547.844794385455 
-4541693.734597404 -985494.3310921285 -5550611.779984304 -5771.113867654924 596.2977728603645 4619.596043649988 
-4611990.401347474 -978116.4242759204 -5493618.257333688 -5712.247088316007 608.9253751259016 4690.620805333919 
-4681560.837947699 -970584.5008614445 -5435759.678463473 -5652.480025854122 621.4572623434557 4760.907908511099 
-4750394.079329106 -962899.7447705343 -5377045.142371338 -5591.82203989957 633.891464191152 4830.446296804646 
-4818479.275869335 -955063.3639554244 -5317483.882708872 -5530.282629691326 646.2260254872041 4899.225030105582 
-4885805.695093024 -947076.5902115294 -5257085.266347659 -5467.871432627052 658.4590064933577 4967.233286274341 
-4952362.723354304 -938940.6789865216 -5195858.791924637 -5404.59822279195 670.5884832160809 5034.460362824895 
-5018139.867501155 -930656.9091857357 -5133814.088366963 -5340.472909466643 682.6125477054521 5100.895678591254 
-5083126.756521393 -922226.5829739281 -5070960.913396568 -5275.505535614302 694.5293083517018 5166.528775376075 
-5147313.143169958 -913651.0255734196 -5007309.152014649 -5209.706276347222 706.3368901793679 5231.349319581151 
-5210688.905577358 -904931.5850586534 -4942868.814966298 -5143.085437373048 718.0334351390176 5295.347103819526 
-5273244.048838924 -896069.6321471948 -4877650.037185528 -5075.653453420871 729.6171023964927 5358.512048509004 
-5334968.706584704 -887066.5599872059 -4811663.076220885 -5007.420886647406 741.0860686196379 5420.834203446804 
-5395853.142529706 -877923.7839414256 -4744918.310641908 -4938.398425023483 752.4385282624665 5482.303749365107 
-5455887.752004263 -868642.7413676854 -4677426.238426657 -4868.596880701036 763.6726938467218 5542.910999467304 
-5515063.063464306 -859224.8913959959 -4609197.475330568 -4798.02718836086 774.7867962407936 5602.646400944664 
-5573369.739981279 -849671.7147022338 -4540242.753236828 -4726.70040354134 785.7790849359449 5661.500536473224 
-5630798.580711469 -839984.7132784633 -4470572.918488584 -4654.627700948364 796.6478283198113 5719.464125690652 
-5687340.522344554 -830165.4101999275 -4400198.93020316 -4581.820372746681 807.3913139471267 5776.528026652865 
-5742986.640531101 -820215.3493887403 -4329131.858568599 -4508.289826832941 818.0078488076384 5832.683237270178 
-5797728.151288806 -810136.0953743181 -4257382.883122716 -4434.04758509061 828.4957595911695 5887.920896722767 
-5851556.412387282 -799929.2330505813 -4184963.291014969 -4359.105281627068 838.8533929497876 5942.232286855203 
-5904462.924711132 -789596.3674299674 -4111884.475251385 -4283.474660993059 849.0791157570405 5995.60883354988 
-5956439.333601128 -779139.1233942844 -4038157.932922793 -4207.167576384815 859.1713153642198 6048.042108079084 
-6007477.430173272 -768559.145442448 -3963795.26341664 -4130.195987829038 869.1283998536106 6099.523828435506 
-6057569.152615529 -757858.0974351364 -3888808.166612655 -4052.571960351016 878.9487982886907 6150.045860641015 
-6106706.587462035 -747037.6623364 -3813208.441062613 -3974.307662126151 888.6309609612404 6199.600220033415 
-6154881.97084457 -736099.5419522652 -3737007.982154491 -3895.415362615111 898.1733596353217 6248.179072531073 
-6202087.689721098 -725045.4566663706 -3660218.78026127 -3815.907430682892 907.5744877880941 6295.774735875139 
-6248316.283081195 -713877.1451726749 -3582852.918874675 -3735.796332702043 916.8328608474233 6342.379680849196 
-6293560.443128136 -702596.3642052741 -3504922.572724115 -3655.094630640341 925.9470164262493 6387.98653247615 
-6337813.016437499 -691204.888265371 -3426440.005881107 -3573.814980133126 934.9155145536779 6432.588071192135 
-6381067.00509206 -679704.5093454348 -3347417.569849484 -3491.970128540638 943.7369379027544 6476.177233997267 
-6423315.567792825 -668097.036650593 -3267867.701641639 -3409.572912990573 952.4098920148895 6518.747115583063 
-6464552.02094599 -656384.2963172955 -3187802.921841121 -3326.636258406153 960.933005520895 6560.290969436313 
-6504769.8397257 -644568.1311292941 -3107235.832651861 -3243.173175519988 969.3049303586 6600.802208919252 
-6543962.659112374 -632650.4002309792 -3026179.115934311 -3159.196758874009 977.524341987008 6640.274408325827 
-6582124.274906482 -620632.9788381153 -2944645.531228809 -3074.720184805738 985.5899395969648 6678.701303913906 
-6619248.644717576 -608517.7579460185 -2862647.913766446 -2989.75670942121 993.5004463182966 6716.076794913239 
-6655329.888928425 -596306.6440352206 -2780199.172467748 -2904.319666554801 1001.254609423393 6752.394944509006 
-6690362.291634096 -584001.5587746628 -2697312.287929464 -2818.422465716269 1008.851200527195 6787.649980800785 
-6724340.301555814 -571604.4387224615 -2614000.310399764 -2732.078590025295 1016.289015783554 6821.836297736768 
-6757258.532929482 -559117.2350242946 -2530276.35774215 -2645.301594133826 1023.56687607794 6854.948456023089 
-6789111.766368651 -546541.9131094492 -2446153.613388399 -2558.105102136486 1030.683627216453 6886.981184008055 
-6819894.949701884 -533880.4523845791 -2361645.32428081 -2470.502805469395 1037.638140111114 6917.92937854119 
-6849603.19878429 -521134.8459252166 -2276764.798804121 -2382.508460797666 1044.429310961406 6947.788105806882 
-6878231.798283136 -508307.1001650835 -2191525.404707345 -2294.13588789189 1051.056061432029 6976.55260213253 
-6905776.202437409 -495399.2345832516 -2105940.56701589 -2205.398967493918 1057.517338826842 7004.218274770996 
-6932232.035791161 -482413.2813891947 -2020023.76593425 -2116.311639172241 1063.812116258959 7030.780702657279 
-6957595.093900549 -469351.2852057832 -1933788.534739586 -2026.887899167287 1069.93939281698 7056.235637139224 
-6981861.34401444 -456215.302750267 -1847248.457666527 -1937.141798226923 1075.89819372731 7080.579002682151 
-7005026.925728447 -443007.4025132948 -1760417.167783507 -1847.087439432505 1081.687570512559 7103.806897547263 
-7027088.151612289 -429729.6644360193 -1673308.344860945 -1756.73897601577 1087.306601145972 7125.915594443733 
-7048041.507810389 -416384.1795853343 -1585935.713231616 -1666.110609166889 1092.754390201892 7146.901541154289 
-7067883.654615561 -402973.0498272965 -1498313.039643522 -1575.21658583401 1098.030069002194 7166.761361134233 
-7086611.427015713 -389498.387498777 -1410454.131105584 -1484.071196514605 1103.13279575869 7185.491854083746 
-7104221.83521348 -375962.3150773957 -1322372.83272651 -1392.688773038937 1108.061755711474 7203.089996493363 
-7120712.065118633 -362366.9648497863 -1234083.025547127 -1301.083686345988 1112.81616126317 7219.552942162521 
-7136079.478813259 -348714.4785782425 -1145598.624366547 -1209.270344252158 1117.395252109071 7234.87802269106 
-7150321.614989543 -335007.0071657977 -1056933.575562476 -1117.263189213076 1121.798295363146 7249.062747943583 
-7163436.189360138 -321246.710319785 -968101.8549060008 -1025.076696078838 1126.024585679873 7262.104806486564 
-7175421.095040983 -307435.7562139335 -879117.4653711958 -932.7253698430256 1130.073445371905 7274.002065998131 
-7186274.402906555 -293576.3211490483 -789994.4349398809 -840.2237433858121 1133.944224523512 7284.752573650388 
-7195994.361917439 -279670.5892123284 -700746.8144018648 -747.5863752115132 1137.636301099813 7294.354556464235 
-7204579.399420162 -265720.7519353727 -611388.6751510133 -654.8278471809064 1141.149081051742 7302.806421636577 
-7212028.121419255 -251729.0079509266 -521934.1069774834 -561.9627622386612 1144.481998416752 7310.106756839843 
-7218339.312821429 -237697.5626484232 -432397.2158564571 -469.0057421362183 1147.634515415233 7316.254330493723 
-7223511.937651891 -223628.6278283692 -342792.1217337209 -375.9714251504614 1150.606122542607 7321.248092009093 
-7227545.13924266 -209524.4213556308 -253132.9563084284 -282.8744637985205 1153.396338657104 7325.087172004014 
-7230438.240392918 -195387.1668116699 -163433.860813391 -189.7295225490525 1156.004711063193 7327.770882491762 
-7232190.743501292 -181219.093145788 -73708.98379323642 -96.55127553034721 1158.430815590631 7329.298717040813 
