2.79775e+07
-1313.89
-0.0451882
-261.075
-18827.1
-77.3619
-0.00620077
-17.4838
-1260.56
-0.0413053
-1.36342e-06
-0.0504849
-2.27769
-142.14
-5131.8
-0.0028056
-0.000318747
-0.00276396
-0.20313
-0.00276
-2.26936e-07
-0.00519577
-0.152502
-0.0551212
-2.53496
-1.04307e-07
-0.000312206
-0.0224982
-6.10677e-06
-1.8309e-06
-0.0211646
-0.0171959
-1.24113
-0.24137
-8.68722
5.66903e-05
-7.0842e-06
-3.20666e-05
0.00183823
-3.74142e-09
-1.53121e-08
-0.000173594
-2.46133e-05
-0.000786708
0.0222502
-1.20047e-08
-9.12904e-08
-5.67144e-06
-6.2707e-07
-2.50993e-07
-0.00141706
-6.66915e-06
-0.000577094
-0.00642863
0.119489
-2.36292e-08
5.73279e-10
-9.2356e-08
-2.72389e-06
-9.84192e-07
-4.20903e-05
9.6598e-10
-5.11721e-06
-1.02475e-06
-0.00385344
-7.50752e-05
-5.4241e-05
-0.00285521
-0.0174849
0.240774
5.95274e-09
-1.44748e-11
3.36073e-09
5.31037e-07
3.92284e-09
-4.55002e-10
-4.51502e-09
2.21024e-07
2.16514e-08
1.22004e-05
-1.18428e-09
-2.50583e-09
9.81749e-08
-2.16673e-08
-1.25932e-08
-2.86597e-07
-9.47834e-08
5.35788e-06
-6.47061e-07
0.000125637
-3.98888e-10
9.30462e-10
-8.15573e-09
-2.00537e-09
-2.66799e-08
7.87701e-07
1.05062e-09
-3.4241e-07
-1.07222e-07
-2.71402e-06
-3.53181e-08
-1.55096e-06
4.32384e-05
-7.61786e-06
0.000607743
-1.32038e-09
-4.70701e-10
1.64575e-11
7.75766e-10
3.73396e-10
-2.64404e-08
-8.79028e-10
-8.26412e-09
-1.15385e-07
2.1141e-06
-2.23951e-10
-7.62753e-10
-1.39776e-06
-2.85381e-07
-7.55822e-06
-4.27622e-09
-3.27013e-07
-6.33249e-06
0.000116482
-2.23742e-05
0.00113005
