-1.07774e+06
-72085.7
999.199
0.0095442
-586303
-2.49204
-0.0823775
0.00157909
-99.7645
-1.28725
-1.09617e-05
-0.670499
-70.8989
0.0128542
-547.099
0.0661475
-0.00274405
0.000108386
1.61165
-4.32402e-05
-1.51464e-06
-0.0447355
-0.00995933
0.00176532
13.0747
-1.50888e-06
2.86249e-08
-0.00178329
-8.11477e-05
-1.22456e-05
-0.182217
1.59352e-06
-0.0980655
0.00718787
35.3909
4.14165e-06
5.79784e-07
3.72188e-06
0.000323469
3.54382e-06
-8.25702e-08
7.74206e-06
0.000195049
9.08888e-05
0.00597703
-8.39777e-08
2.5515e-08
5.74391e-05
-5.42262e-06
-1.29328e-06
2.54535e-05
2.17558e-07
0.00316839
0.000740933
0.0419372
8.62694e-09
3.60292e-08
-8.16892e-07
-1.74149e-07
5.05987e-08
0.000232722
3.26049e-08
-4.41117e-05
-5.04046e-06
-1.29069e-05
-4.89731e-06
1.73411e-06
0.0128805
0.00201295
0.101652
-5.63235e-08
1.96342e-08
5.58576e-08
-2.05795e-06
-4.6166e-09
5.58663e-09
3.74796e-07
3.28446e-08
2.01694e-06
-3.31012e-05
3.01709e-08
-7.81062e-10
1.53191e-08
9.33275e-09
-2.32853e-08
4.44435e-06
-1.19735e-08
1.36587e-06
2.48345e-05
-0.00026449
-3.3361e-09
4.66827e-09
-1.34834e-09
3.09318e-08
9.99879e-09
1.63897e-07
-4.68526e-09
3.81022e-09
-3.3397e-07
2.42392e-05
1.97406e-07
1.60493e-07
1.41254e-05
0.000135246
-0.00105361
8.56607e-09
8.14491e-10
-2.19458e-09
4.38469e-09
3.21422e-08
9.51199e-09
1.0037e-08
3.83304e-08
6.15274e-09
5.9528e-07
1.66748e-09
1.56738e-08
1.06894e-11
-8.94723e-07
4.94044e-05
-4.79672e-09
1.55726e-06
7.28863e-07
4.51203e-05
0.000275982
-0.00167887
