6038375.920219751 -446101.8818561789 -3733794.938588655 -3853.472957312551 -1061.957585531515 -6117.222700541643 
7088966.342471543 240321.6467526392 440311.9429000273 492.9387771740446 -1129.346060079178 -7205.822040173597 
5412782.417417129 844712.5164635495 4510294.479393676 4723.508356344837 -761.0199827774002 -5518.853640732516 
-6214525.853064436 398310.4961854896 3434496.117998767 3555.840457776878 1079.174160212351 6285.670273894246 
-5278733.354527624 -875082.184289059 -4701476.486451752 -4898.236659471941 728.9798115512468 5361.937593191582 
-2939650.614262794 944070.9633427128 6392349.097568241 6644.831716170309 624.8378773657488 2952.36579922171 
1548889.664813973 1120002.672862506 6830593.496790305 7120.084202942832 -84.50168020700877 -1603.417566191053 
2743883.861757888 -963329.1904953351 -6495404.642663715 -6730.994602886568 -600.7808832699558 -2760.784754320126 
-7069072.935234045 -295691.7184382789 -783284.0871244011 -834.8917339574468 1114.074910192601 7166.26672843346 
-1555842.766872899 -1125353.91827782 -6857124.035026003 -7119.52937260756 79.10198338792958 1597.240737609271 
