-7232720.489997693 -167227.7000070245 14595.56600769963 -5.233188661502987 1159.96517504057 7329.945535122263 
-7232216.164609441 -153013.0370995458 104332.9690772125 87.61811945842042 1162.080995736715 7329.170486698069 
-7230575.106630413 -138773.5904743315 194053.8135916248 180.4585064411307 1164.013734019945 7327.240589738091 
-7227797.541141218 -124511.6036021692 283743.9619644458 273.2730461266876 1165.763071309374 7324.156088089721 
-7223883.875949563 -110229.3236653557 373389.2807844268 366.0468152343217 1167.32871989156 7319.917419959142 
-7218834.701537954 -95929.00117943695 462975.6431948317 458.7648961480527 1168.710422976334 7314.525217858516 
-7212650.790977295 -81612.88961430656 552488.9312717839 551.4123797014126 1169.907954745478 7307.980308508259 
-7205333.099806403 -67283.24501475334 641915.0384011419 643.9743679603315 1170.921120394214 7300.283712694406 
-7196882.76587746 -52942.32562054442 731239.8716533534 736.4359770032656 1171.749756165512 7291.43664508117 
-7187301.109167466 -38592.39148613271 820449.3541557454 828.7823396976345 1172.393729377206 7281.440513978721 
-7176589.631555712 -24235.70410007561 909529.4274616917 920.9986084716518 1172.852938441915 7270.296921066348 
-7164750.016567353 -9874.526004254987 998466.0539161197 1013.069958080618 1173.12731287977 7258.007661071075 
-7151784.129083167 4488.879587015594 1087245.219016816 1104.98158836677 1173.216813323961 7244.574721401957 
-7137694.015015541 18852.24916790726 1175852.933770976 1196.718727011778 1173.121431519097 7230.000281740157 
-7122481.900950835 33213.31932192785 1264275.23704647 1288.26663228097 1172.841190312409 7214.286713585062 
-7106150.193758188 47569.82710262367 1352498.197917287 1379.610595758415 1172.376143637811 7197.436579756637 
-7088701.480164897 61919.51041404081 1440507.91800261 1470.735945071943 1171.726376492822 7179.452633854258 
-7070138.526298516 76260.10839086185 1528290.533799011 1561.628046607244 1170.892004908407 7160.337819672317 
-7050464.277195779 90589.36177812929 1615832.219005223 1652.272308210161 1169.873175911726 7140.09527057286 
-7029681.85627852 104905.0133104701 1703119.186838967 1742.654181876324 1168.670067481858 7118.728308815605 
-7007794.564796761 119204.8080907348 1790137.692345323 1832.759166427255 1167.282888498517 7096.240444845632 
-6984805.881239095 133486.4939679665 1876874.034696122 1922.572810172125 1165.711878683798 7072.635376539147 
-6960719.460710602 147747.8219146144 1963314.559479841 2012.08071355431 1163.957308537013 7047.916988407657 
-6935539.134278434 161986.5464029066 2049445.660981519 2101.268531781949 1162.019479262639 7022.089350760989 
-6909268.908285325 176200.4257802998 2135253.784452151 2190.121977441683 1159.898722691449 6995.156718829522 
-6881912.963631179 190387.2226439216 2220725.428367117 2278.626823094785 1157.59540119487 6967.123531846126 
-6853475.655023 204544.7042139222 2305847.146673103 2366.768903854917 1155.10990759262 6937.994412088218 
-6823961.510193384 218670.6427056567 2390605.551023062 2454.534119946736 1152.442665053696 6907.774163880421 
-6793375.229087791 232762.8157006122 2474987.312998731 2541.908439244602 1149.594126990766 6876.467772558331 
-6761721.683020872 246819.0065160034 2558979.166320211 2628.877899790672 1146.564776948027 6844.080403393878 
-6729005.913802099 260837.0045729557 2642567.909042174 2715.428612291643 1143.355128482616 6810.617400482836 
-6695233.132830954 274814.6057631965 2725740.405736211 2801.546762593458 1139.965725039628 6776.084285594983 
-6660408.720161955 288749.6128141776 2808483.589658877 2887.218614133288 1136.397139820821 6740.486756987511 
-6624538.223539821 302639.8356525537 2890784.464904991 2972.430510368133 1132.649975647084 6703.830688182235 
-6587627.357405034 316483.0917659357 2972630.108545742 3057.168877179379 1128.724864814761 6666.122126707174 
-6549682.00187012 330277.2065628521 3054007.672751178 3141.420225252706 1124.622468945887 6627.367292803163 
-6510708.201666944 344020.0137308362 3134904.386896646 3225.171152432712 1120.343478832449 6587.572578096017 
-6470712.165065337 357709.3555925732 3215307.559652763 3308.408346051693 1115.888614274741 6546.744544234983 
-6429700.262763371 371343.0834600309 3295204.581058525 3391.118585231979 1111.25862391391 6504.889921498008 
-6387679.026749607 384919.0579865059 3374582.92457713 3473.288743161293 1106.454285058777 6462.015607364568 
-6344655.149137669 398435.1495165147 3453430.149134142 3554.905789340601 1101.476403507049 6418.12866505665 
-6300635.480973445 411889.2384334622 3531733.901137592 3635.956791803932 1096.32581336098 6373.236322048596 
-6255627.031015304 425279.2155050199 3609481.916479653 3716.428919309691 1091.003376837616 6327.34596854647 
-6209636.964487659 438602.9822261481 3686662.022519513 3796.309443502993 1085.509984073701 6280.465155937639 
-6162672.60180822 451858.4511596976 3763262.140047091 3875.585741048558 1079.846552925351 6232.601595211267 
-6114741.417289336 465043.5462745263 3839270.285227232 3954.245295733753 1074.014028762602 6183.763155350422 
-6065851.037813771 478156.203281072 3914674.571524055 4032.275700541372 1068.013384258928 6133.957861696495 
-6016009.241485273 491194.3699643149 3989463.211605109 4109.664659691764 1061.845619175838 6083.193894286667 
-5965223.956254349 504156.0065140756 4063624.519225006 4186.399990653951 1055.511760142665 6031.479586165109 
-5913503.258519607 517039.0858525872 4137146.911088231 4262.469626125387 1049.012860431641 5978.823421668684 
-5860855.371705046 529841.593959286 4210018.908690805 4337.861615980046 1042.34999972838 5925.234034687827 
-5807288.664813691 542561.5301927635 4282229.140140509 4412.564129184529 1035.524283897857 5870.720206903375 
-5752811.650957977 555196.9076098272 4353766.341955381 4486.565455681914 1028.53684474603 5815.290866000043 
-5697432.985867254 567745.7532816168 4424619.36084019 4559.854008243105 1021.388839777168 5758.955083857313 
-5641161.466372839 580206.1086067228 4494777.155440649 4632.41832428542 1014.081451947041 5701.722074718435 
-5584006.028870985 592576.0296212598 4564228.79807505 4704.247067658225 1006.615889412046 5643.601193338301 
-5525975.747764221 604853.5873058439 4632963.476443126 4775.329030395398 998.9933852744098 5584.601933110908 
-5467079.833881411 617036.8678894248 4700970.495311854 4845.653134434468 991.2151973235578 5524.733924177149 
-5407327.632876989 629123.9731499329 4768239.278177968 4915.208433302273 983.2826077737799 5464.006931513654 
-5346728.62360975 641113.020711688 4834759.368906977 4983.984113766989 975.1969229982877 5402.430853003418 
-5285292.416501634 653002.1443395341 4900520.433348436 5051.96949745643 966.9594732597873 5340.015717488925 
-5223028.751876895 664789.4942296525 4965512.260927297 5119.154042442524 958.5716124376729 5276.771682808506 
-5159947.498282073 676473.237297016 5029724.766211105 5185.527344791892 950.0347177519551 5212.709033816628 
-5096058.650787212 688051.5574594431 5093147.990452866 5251.079140082467 941.3501894840302 5147.838180388824 
-5031372.329268698 699522.6559182154 5155772.103109403 5315.799304886125 932.5194506944071 5082.169655411989 
-4965898.776674149 710884.7514352201 5217587.403335012 5379.677858217316 923.5439469374918 5015.714112760715 
-4899648.3572698 722136.0806065847 5278584.321450277 5442.704962947666 914.4251459735507 4948.482325260359 
-4832631.554870767 733274.8981327661 5338753.420385841 5504.870927186626 905.1645374779469 4880.485182637558 
-4764858.971054598 744299.4770850667 5398085.397101044 5566.166205628126 895.7636327477641 4811.733689458802 
-4696341.323358574 755208.1091685408 5456571.08397723 5626.581400863372 886.2239644059246 4742.238963057813 
-4627089.443461122 765999.1049812639 5514201.450185619 5686.107264659779 876.5470861028998 4672.012231452318 
-4557114.275347793 776670.7942699385 5570967.603029624 5744.734699206171 866.7345722161226 4601.064831250905 
-4486426.873462175 787221.5261818023 5626860.789261462 5802.454758324345 856.7880175472018 4529.408205550583 
-4415038.400842221 797649.6695128193 5681872.396372996 5859.258648647087 846.7090370170376 4457.053901825693 
-4342960.127242314 807953.6129521246 5735993.953860661 5915.137730762814 836.4992653589399 4384.013569808754 
-4270203.427241547 818131.7653227008 5789217.134464404 5970.083520326933 826.1603568098458 4310.298959363889 
-4196779.778338604 828182.5558182631 5841533.755380558 6024.087689140138 815.6939847997344 4235.921918353408 
-4122700.759033608 838104.4342363293 5892935.779448537 6077.142066193752 805.1018416393309 4160.894390498125 
-4047978.046897423 847895.8712074591 5943415.31631132 6129.238638682353 794.3856382061952 4085.228413231999 
-3972623.416628708 857555.3584206405 5992964.62354962 6180.369552983835 783.5471036292855 4008.936115551638 
-3896648.738099199 867081.4088448017 6041576.107789705 6230.527115607157 772.5879849720867 3932.029715861232 
-3820065.974387581 876472.5569464404 6089242.325784808 6279.70379410794 761.5100469143889 3854.521519813435 
-3742887.179802333 885727.3589033461 6135955.985470084 6327.892217972204 750.3150714328087 3776.423918146729 
-3665124.497893961 894844.3928144036 6181709.946991055 6375.085179468433 739.004857480125 3697.749384519757 
-3586790.159456988 903822.2589054661 6226497.223705552 6421.275634468239 727.5812206635247 3618.51047334314 
-3507896.480522085 912659.5797312801 6270310.983159066 6466.456703235881 716.0459929218283 3538.719817609253 
-3428455.860338725 921355.0003734539 6313144.548033554 6510.62167118689 704.401022201777 3458.390126720423 
-3348480.779348739 929907.1886344585 6354991.397069612 6553.76398961608 692.6481721334573 3377.53418431599 
-3267983.797151147 938314.8352276478 6395845.165962076 6595.877276395232 680.7893217049352 3296.164846098696 
-3186977.550458623 946576.6539632925 6435699.648228973 6636.955316640702 668.8263649361726 3214.295037660804 
-3105474.751045981 954691.381930616 6474548.796053887 6676.992063351293 656.7612105522946 3131.937752310373 
-3023488.18369102 962657.7796758291 6512386.721101708 6715.981638016638 644.5957816562749 3049.106048898062 
-2941030.704108109 970474.6313761509 6549207.695307755 6753.918331196414 632.3320154011051 2965.813049644877 
-2858115.236874854 978140.7450098164 6585006.151640356 6790.796603070715 619.9718626615106 2882.071937971201 
-2774754.773352197 985654.9525220589 6619776.684836822 6826.611083961822 607.5172877052714 2797.895956327473 
-2690962.369598313 993016.1099870708 6653514.052112885 6861.356574827766 594.970267864211 2713.298404026859 
-2606751.144276619 1000223.09776593 6686213.173845619 6895.028047727923 582.332793204905 2628.29263508023 
-2522134.276558269 1007274.820660496 6717869.134229871 6927.620646260997 569.606866199166 2542.892056033757 
-2437125.004019436 1014170.208063269 6748477.181908221 6959.129685975683 556.7945013943569 2457.110123809458 
-2351736.620533752 1020908.214103215 6778032.730574544 6989.550654754351 543.8977250835828 2370.960343548904 
-2265982.474160196 1027487.817787548 6806531.359551175 7018.879213170022 530.9185749758065 2284.456266460452 
-2179875.965026788 1033908.023139477 6833968.814339762 7047.111194817009 517.8590998659365 2197.611487670173 
-2093430.543210382 1040167.85933191 6860341.007145797 7074.242606615472 504.7213593049306 2110.439644076785 
-2006659.706612897 1046266.380817128 6885644.017376946 7100.269629090268 491.5074232699537 2022.954412210794 
-1919576.998834286 1052202.667452405 6909874.092115176 7125.188616624336 478.2193718346335 1935.169506098047 
-1832196.007042562 1057975.82462161 6933027.646562757 7148.996097686991 464.8592948394491 1847.098675127947 
-1744530.359841169 1063584.983352764 6955101.264462203 7171.688775037378 451.4292915622877 1758.755701926487 
-1656593.72513403 1069029.300431567 6976091.698490178 7193.263525903425 437.9314703892052 1670.154400234304 
-1568399.807988536 1074307.958510892 6995995.870625494 7213.717402136583 424.3679484854204 1581.308612789912 
-1479962.348496799 1079420.166216263 7014810.872491178 7233.047630342621 410.7408514665736 1492.232209218294 
-1391295.119635442 1084365.158247299 7032533.965670768 7251.251611988818 397.052313070278 1402.939083924981 
-1302411.925124223 1089142.195475141 7049162.581998833 7268.326923487793 383.3044748279898 1313.443153995766 
-1213326.597283773 1093750.56503587 7064694.323825818 7284.271316258267 369.4994857372213 1223.758357102187 
-1124052.99489273 1098189.580419906 7079126.964257285 7299.082716763032 355.6395019341216 1133.898649412892 
-1034605.001044547 1102458.581557409 7092458.447367625 7312.75922652441 341.7266863664455 1043.87800351099 
-944996.5210042452 1106556.934899667 7104686.888388298 7325.299122117422 327.7632084669286 953.710406317499 
-855241.4800653873 1110484.0334965 7115810.573870699 7336.700855140976 313.751243827091 863.4098570209762 
-765353.82140754 1114239.29706967 7125827.961823695 7346.963052167286 299.6929738714841 772.9903650134202 
-675347.5039544809 1117822.172082295 7134737.681825959 7356.084514669775 285.5905855323962 682.4659478325043 
-585236.500233424 1121232.1318043 7142538.535113124 7364.064218929704 271.4462709250315 591.8506291102354 
-495034.7942355157 1124468.67637388 7149229.494639878 7370.901315921739 257.2622270231769 501.1584365280715 
-404756.3792778607 1127531.332855005 7154809.705117051 7376.595131178692 243.0406553353674 410.4033997785738 
-314415.2558673263 1130419.655290959 7159278.483023794 7381.14516463564 228.7837615815609 319.5995485336286 
-224025.4295663875 1133133.224753921 7162635.31659493 7384.551090453616 214.4937553703332 228.7609104192905 
-133600.9088612472 1135671.649390602 7164879.865783533 7386.812756823104 200.1728498766011 137.9015089972728 
-43155.70303248832 1138034.564463941 7166011.962198848 7387.930185747471 185.8232615198826 47.03536175313121 
47296.17997149701 1140221.632390857 7166031.609019631 7387.903572806566 171.4472096431007 -43.82352190884316 
137740.735658072 1142232.542776078 7164938.980882946 7386.73328690063 157.0469161919379 -134.6611426639897 
228163.9651106584 1144067.01244205 7162734.42374859 7384.419869974676 142.6246053947457 -225.4635132588906 
318551.8771055444 1145724.785454926 7159418.454739115 7380.964036723532 128.1825034430164 -316.2166604961995 
408890.490224975 1147205.633146643 7154991.761955657 7376.366674277622 113.7228381724203 -406.9066272126902 
499165.8349662633 1148509.354133111 7149455.204269523 7370.628841869708 99.24783874441191 -497.5194742504958 
589363.9558467171 1149635.77432849 7142809.811089745 7363.751770482639 84.75973532841101 -588.0412824215365 
679470.9135041325 1150584.746955593 7135056.782106576 7355.73686247829 70.2607587845595 -678.4581544651293 
769472.7867926294 1151356.152552402 7126197.487011103 7346.585691207774 55.75314034705875 -768.7562169987614 
859355.6748736033 1151949.898974712 7116233.465190979 7336.300000603025 41.2391113080895 -858.9216224620332 
949105.699301562 1152365.921394908 7105166.425402433 7324.881704749862 26.72090270231738 -948.9405510537496 
1038709.006104622 1152604.182296889 7092998.245418577 7312.332887442629 12.20074499198617 -1038.799212662162 
1128151.767859441 1152664.671467126 7079730.971654149 7298.655801720442 -2.319132247397054 -1128.48384878835 
1217420.185760356 1152547.405981893 7065366.818766711 7283.852869385191 -16.83650064078471 -1217.980734462729 
1306500.491682522 1152252.430190648 7049908.169234484 7267.926680501279 -31.34913332671395 -1307.276180154677 
1395378.950238793 1151779.815695591 7033357.572910786 7250.87999287721 -45.85480526983314 -1396.356533675266 
1484041.860830164 1151129.661327392 7015717.746555254 7232.715731529051 -60.35129357282535 -1485.208182073087 
1572475.559689529 1150302.093117113 6996991.573341884 7213.436988125823 -74.83637778772599 -1573.817553523143 
1660666.421918531 1149297.264264319 6977182.102343991 7193.047020416813 -89.30784022663001 -1662.171119208796 
1748600.863517296 1148115.355101381 6956292.547996169 7171.549251640903 -103.7634662717846 -1750.255395196742 
1836265.343406827 1146756.573053999 6934326.289533346 7148.947269917869 -118.2010446850624 -1838.056944304986 
1923646.365443832 1145221.152597932 6911286.870406993 7125.244827621703 -132.6183679168101 -1925.562377963786 
2010730.480427769 1143509.35521195 6887177.997678619 7100.445840735959 -147.0132324140664 -2012.758358069533 
2097504.28809989 1141621.469327024 6862003.541390587 7074.554388191109 -161.3834389281416 -2099.631598831523 
2183954.439134066 1139557.810271742 6835767.533914385 7047.574711183926 -175.726792821554 -2186.168868611576 
2270067.637119155 1137318.720213984 6808474.169276405 7019.511212478867 -190.0411043743126 -2272.356991756464 
2355830.64053273 1134904.568098843 6780127.802461335 6990.368455691454 -204.3241890895378 -2358.18285042307 
2441230.264705901 1132315.749582811 6750732.948693249 6960.151164553637 -218.573867998412 -2443.633386396239 
2526253.38377904 1129552.686964235 6720294.28269449 6928.864222161088 -232.7879679644475 -2528.695602899247 
2610886.932648187 1126615.82911005 6688816.637922433 6896.51267020244 -246.9643219870617 -2613.356566396814 
2695117.908901898 1123505.651378809 6656305.005784216 6863.101708170414 -261.1007695044465 -2697.603408390582 
2778933.374748329 1120222.655539995 6622764.534829531 6828.636692554787 -275.1951566957191 -2781.423327206977 
2862320.45893233 1116767.369689648 6588200.529921586 6793.123136017211 -289.2453367823388 -2864.803589777368 
2945266.358642319 1113140.348162306 6552618.451386312 6756.566706547782 -303.2491703287764 -2947.731533410406 
3027758.341406725 1109342.171439264 6516023.914139917 6718.973226603375 -317.2045255424174 -3030.194567556472 
3109783.746979762 1105373.446053173 6478422.686794895 6680.348672227645 -331.1092785726833 -3112.180175564081 
3191329.989216326 1101234.804488974 6439820.69074457 6640.699172152692 -344.9613138093513 -3193.675916428163 
3272384.55793577 1096926.905081192 6400223.999226296 6600.031006882326 -358.7585241800526 -3274.669426530071 
3352935.020774352 1092450.43190759 6359638.836363409 6558.350607756869 -372.4988114469297 -3355.148421369189 
3432969.025026118 1087806.094679191 6318071.576186003 6515.664555999477 -386.1800865024285 -3435.100697286004 
3512474.299471987 1082994.628626698 6275528.741630709 6471.97958174389 -399.8002696642038 -3514.514133176494 
3591438.656196836 1078016.794383291 6232017.003519492 6427.302563043611 -413.3572909691122 -3593.376692197673 
3669849.992394321 1072873.377863843 6187543.179517661 6381.64052486242 -426.8490904662686 -3671.676423464143 
3747696.292159238 1067565.190140551 6142114.233071129 6335.000638046205 -440.2736185091363 -3749.401463735458 
3824965.628267178 1062093.067314995 6095737.272323103 6287.390218276039 -453.6288360466267 -3826.540039094164 
3901646.163941246 1056457.870386642 6048419.549010267 6238.816725002506 -466.9127149131757 -3903.080466614294 
3977726.15460562 1050660.485117801 6000168.457338603 6189.287760361141 -480.1232381177683 -3979.011156020152 
4053193.949625717 1044701.82189505 5950991.532838968 6138.811068069068 -493.2584001318788 -4054.320611335168 
4128037.994034737 1038582.815587144 5900896.451202541 6087.394532302677 -506.316207176294 -4128.997432520639 
4202246.830246342 1032304.425399417 5849891.027096262 6035.046176556388 -519.2946775067855 -4203.030317104138 
4275809.099753259 1025867.634724692 5797983.212958427 5981.774162482439 -532.1918416985955 -4276.408061797361 
4348713.544811545 1019273.450990721 5745181.097774502 5927.586788711666 -545.005742929698 -4349.119564103192 
4420949.010110321 1012522.905504159 5691492.905833358 5872.492489655256 -557.7344372628028 -4421.153823911774 
4492504.444426698 1005617.053291097 5636926.995464024 5816.499834287472 -570.3759939260565 -4492.499945085317 
4563368.9022657 998556.9729341647 5581491.857753109 5759.617524909298 -582.9284955924059 -4563.14713703141 
4633531.545484912 991343.7664062229 5525196.115243028 5701.854395893026 -595.3900386575822 -4633.084716264596 
4702981.64490367 983978.5589006583 5468048.520611188 5643.219412407771 -607.7587335166592 -4702.302107955938 
4771708.581896507 976462.4986583048 5410057.955330282 5583.721669125904 -620.0327048391504 -4770.788847470315 
4839701.849970654 968796.7567910028 5351233.428309823 5523.370388910432 -632.2100918425925 -4838.534581891202 
4906951.056327357 960982.5271018224 5291584.074519105 5462.174921483312 -644.2890485645773 -4905.529071532615 
4973445.923406762 953021.0259019608 5231119.153591724 5400.144742074735 -656.2677441331798 -4971.762191437983 
5039176.290416168 944913.4918243437 5169848.048411829 5337.28945005341 -668.14436303574 -5037.223932865654 
5104132.114841363 936661.1856339424 5107780.263682278 5273.618767537867 -679.917105385948 -5101.904404760719 
5168303.473940877 928265.3900348343 5044925.424474845 5209.142537988817 -691.5841871891844 -5165.793835212905 
5231680.566222858 919727.4094740252 4981293.274762677 5143.870724782647 -703.1438406060661 -5228.882572900193 
5294253.712904378 911048.5699420552 4916893.675935162 5077.81340976606 -714.5943142141473 -5291.161088517902 
5356013.359352939 902230.218770412 4851736.605295393 5010.980791791954 -725.9338732677237 -5352.619976192903 
5416950.076509918 893273.7244257784 4785832.154540399 4943.383185236623 -737.1607999556902 -5413.249954882654 
5477054.562295756 884180.4763011298 4719190.528224368 4875.031018498292 -748.273393657395 -5473.041869758787 
5536317.64299666 874951.8845037171 4651822.042204987 4805.934832477171 -759.2699711964437 -5531.986693574864 
5594730.274632558 865589.3796399509 4583737.122073178 4736.10527903704 -770.1488670923924 -5590.075528018043 
5652283.544306135 856094.4125972207 4514946.301566358 4665.553119448525 -780.9084338102806 -5647.299605044303 
5708968.671532676 846468.4543226687 4445460.220965458 4594.289222814128 -791.5470420079469 -5703.650288196924 
5764777.009550527 836712.9955989552 4375289.625475912 4522.324564475199 -802.0630807810726 -5759.119073907879 
5819700.046611946 826829.5468170318 4304445.363592816 4449.670224400911 -812.4549579058993 -5813.697592781832 
5873729.407254109 816819.6377459617 4232938.385450466 4376.337385559435 -822.72110007956 -5867.377610862419 
5926856.853550067 806684.8172998114 4160779.741156522 4302.337332271426 -832.8599531579729 -5920.151030880455 
5979074.286339458 796426.6533016447 4087980.579110984 4227.681448546013 -842.8699823912386 -5972.009893483783 
6030373.746438705 786046.7322446507 4014552.144310231 4152.381216399417 -852.7496726564842 -6022.946378448415 
6080747.415830559 775546.6590504367 3940505.776636356 4076.448214156434 -862.497528688097 -6072.952805870627 
6130187.618832713 764928.0568245187 3865852.909132008 3999.89411473491 -872.1120753052938 -6122.021637339725 
6178686.823245334 754192.5666090429 3790605.066261017 3922.730683913453 -881.5918576369646 -6170.145477091106 
6226237.641477266 743341.8471327699 3714773.862154999 3844.969778582555 -890.9354413437378 -6217.317073139328 
6272832.831650736 732377.5745583597 3638370.998846242 3766.623344979361 -900.141412837208 -6263.529318390866 
6318465.298684335 721301.4422269874 3561408.264487063 3687.703416906305 -909.2083794962697 -6308.775251736198 
6363128.095354107 710115.1604003327 3483897.53155595 3608.222113933834 -918.1349698805019 -6353.048059120958 
6406814.423332523 698820.4559999687 3405850.755050702 3528.191639587491 -926.9198339405459 -6396.341074595802 
6449517.63420517 687419.0723442018 3327279.97066886 3447.624279519592 -935.5616432254224 -6438.647781344693 
6491231.230464977 675912.7688823852 3248197.292975664 3366.53239966575 -944.0590910867285 -6479.961812691284 
6531948.866483756 664303.3209267556 3168614.913559848 3284.928444386561 -952.4108928796646 -6520.276953083118 
6571664.349460918 652592.5193818278 3088545.099177506 3202.82493459467 -960.6157861608326 -6559.587139053328 
6610371.640349163 640782.1704713885 3008000.189884326 3120.234465867575 -968.6725308827544 -6597.88646015952 
6648064.854756987 628874.0954631249 2926992.597156476 3037.169706546414 -976.5799095850506 -6635.169159899618 
6684738.263827818 616870.1303909402 2845534.802000413 2953.643395821076 -984.3367275822384 -6671.429636604291 
6720386.295095639 604772.125774984 2763639.353051914 2869.668341801934 -991.9418131480832 -6706.662444305758 
6755003.533316905 592581.9463394519 2681318.86466462 2785.257419578543 -999.3940176964608 -6740.862293582657 
6788584.72127863 580301.47072819 2598586.014988377 2700.423569265626 -1006.692215958677 -6774.024052380712 
6821124.76058247 567932.5912181512 2515453.544037677 2615.179794036676 -1013.835306157194 -6806.142746808947 
6852618.712404656 555477.2134307458 2431934.251750519 2529.53915814557 -1020.822210175715 -6837.213561911179 
6883061.798231632 542937.2560411351 2348040.996037953 2443.514784936495 -1027.651873725579 -6867.231842412544 
6912449.400571266 530314.6504855056 2263786.690824659 2357.119854842592 -1034.323266508419 -6896.193093440807 
6940777.063639477 517611.3406663812 2179184.304080837 2270.367603373687 -1040.835382375036 -6924.092981222229 
6968040.494022182 504829.2826560083 2094246.855845743 2183.271319093466 -1047.187239480445 -6950.927333751756 
6994235.561312392 491970.4443978688 2008987.416243172 2095.844341586508 -1053.377880435045 -6976.692141437301 
7019358.298722381 479036.8054063668 1923419.103489215 2008.100059415553 -1059.406372451882 -7001.383557717931 
7043404.903670761 466030.3564647346 1837555.081892612 1920.051908069428 -1065.271807489944 -7024.997899655718 
7066371.738344406 452953.09932121 1751408.559848015 1831.713367901999 -1070.973302393465 -7047.531648501101 
7088255.330235074 439807.0463835328 1664992.787822493 1743.097962062609 -1076.509999027193 -7068.981450231514 
7109052.372650638 426594.22041181 1578321.056335614 1654.219254418385 -1081.881064407573 -7089.344116063165 
7128759.725200844 413316.6542097994 1491406.693933418 1565.090847468863 -1087.085690829833 -7108.616622935748 
7147374.414257484 399976.3903146636 1404263.06515663 1475.726380253334 -1092.123095990911 -7126.796113969944 
7164893.633388916 386575.4806852438 1316903.568503428 1386.139526251386 -1096.992523108206 -7143.879898897563 
7181314.743768823 373115.986388906 1229341.634387126 1296.343991277038 -1101.693241034116 -7159.865454464183 
7196635.274559171 359599.9772870103 1141590.723089089 1206.353511366936 -1106.224544366331 -7174.750424804134 
7210852.92326727 346029.531719057 1053664.322707226 1116.181850663064 -1110.585753553853 -7188.532621787759 
7223965.556076881 332406.7361855598 965575.9471004095 1025.842799290393 -1114.776214998716 -7201.210025340753 
7235971.208153309 318733.6850297004 877339.1338291442 935.3501712299584 -1118.795301153371 -7212.780783735573 
7246868.08392244 305012.4801178187 788967.4420928527 844.7178021877961 -1122.642410613728 -7223.243213854753 
7256654.557323655 291245.2305187886 700474.4506640999 753.9595474602178 -1126.316968207817 -7232.595801426085 
7265329.172036579 277434.0521823364 611873.7558201175 663.0892797958817 -1129.818425080051 -7240.837201229566 
7272890.641681672 263581.0676163551 523178.9692719614 572.1208872551184 -1133.146258771075 -7247.96623727608 
7279337.849994551 249688.4055632668 434403.716091662 481.0682710669979 -1136.299973293175 -7253.98190295774 
7284669.850974106 235758.2006754901 345561.6326377033 389.9453434845871 -1139.27909920124 -7258.883361169862 
7288885.86900432 221792.5931900661 256666.3644791784 298.7660256388846 -1142.083193659249 -7262.669944404541 
7291985.29894983 207793.7286024972 167731.5643189848 207.5442453918938 -1144.711840502288 -7265.341154815804 
7293967.70622518 193763.757339854 78770.88991638481 116.2939351893147 -1147.164650294067 -7266.896664256348 
7294832.826837806 179704.8344332071 -10201.99799070503 25.02902991331978 -1149.441260379939 -7267.336314285853 
7294580.567404705 165619.1191894352 -99173.43776335048 -66.2365352641058 -1151.541334935405 -7266.660116150879 
7293211.005142882 151508.7748624687 -188129.7689388216 -157.4888270267968 -1153.46456501011 -7264.868250736401 
7290724.38783346 137375.9683240214 -277057.3343070427 -248.7139160585315 -1155.210668567313 -7261.961068488976 
7287121.133759625 123222.8697338669 -365942.4819859311 -339.8978791851903 -1156.779390518835 -7257.93908931163 
7282401.831618314 109051.652209715 -454771.5674952759 -431.0268015144602 -1158.170502755481 -7252.80300243049 
7276567.240405733 94864.49149674321 -543530.955828811 -522.0867785726397 -1159.383804172941 -7246.553666233248 
7269618.289276749 80663.5656368387 -632207.023524137 -613.0639184380672 -1160.419120693166 -7239.192108079528 
7261556.077378163 66451.05463760633 -720786.1607301502 -703.9443438707109 -1161.276305281227 -7230.719524083243 
7252381.873655957 52229.14014119811 -809254.7732716425 -794.7141944374654 -1161.955237957666 -7221.137278867058 
7242097.116636528 38000.00509301876 -897599.2847107104 -885.3596286326921 -1162.455825806336 -7210.446905289035 
7230703.414182017 23765.83341036237 -985806.138404665 -975.8668259935572 -1162.778002977751 -7198.650104141619 
7218202.543219749 9528.809651036983 -1073861.799560075 -1066.221989209714 -1162.921730687948 -7185.748743823068 
7204596.449445899 -4708.88131797159 -1161752.757282625 -1156.411346226882 -1162.886997212882 -7171.744859981479 
7189887.247003431 -18945.05465173792 -1249465.526622446 -1246.421152343886 -1162.673817878356 -7156.640655131558 
7174077.218134416 -33177.52585848631 -1336986.650614593 -1336.237692302716 -1162.282235045519 -7140.438498244285 
7157168.812806798 -47404.11113047461 -1424302.702314323 -1425.847282371177 -1161.712318091929 -7123.140924309672 
7139164.648315708 -61622.62767461886 -1511400.28682687 -1515.236272417701 -1160.964163388219 -7104.750633872742 
7120067.508859442 -75830.89404280696 -1598266.043331365 -1604.391047977908 -1160.037894270375 -7085.270492542968 
7099880.345090166 -90026.73046184411 -1684886.647098594 -1693.29803231248 -1158.93366100765 -7064.703530477348 
7078606.273639504 -104207.9591629806 -1771248.811502265 -1781.94368845597 -1157.651640766142 -7043.052941837313 
7056248.576619082 -118372.404710966 -1857339.290023468 -1870.314521256115 -1156.192037568058 -7020.322084219682 
7032810.701096184 -132517.8943325796 -1943144.878248007 -1958.397079403271 -1154.555082246688 -6996.514478061928 
7008296.258544601 -146642.2582445819 -2028652.4158563 -2046.177957449579 -1152.741032397124 -6971.633806021917 
6982709.024270847 -160743.3299810383 -2113848.788605528 -2133.643797817479 -1150.750172322748 -6945.683912332413 
6956052.936815835 -174818.9467199613 -2198720.930303724 -2220.781292797188 -1148.582812977519 -6918.66880213059 
6928332.09733217 -188866.9496092201 -2283255.824775506 -2307.577186532796 -1146.2392919041 -6890.592640762759 
6899550.768937208 -202885.1840916686 -2367440.507819146 -2394.018276996592 -1143.719973167844 -6861.459753064648 
6869713.376042008 -216871.5002294385 -2451262.069154681 -2480.091417951295 -1141.025247286686 -6831.274622617421 
6838824.503656337 -230823.7530273504 -2534707.654362764 -2565.783520899825 -1138.155531156975 -6800.041890979785 
6806888.896669876 -244739.8027553918 -2617764.466813973 -2651.081557022289 -1135.111267975278 -6767.766356896416 
6773911.459109809 -258617.5152702131 -2700419.76958828 -2735.972559099859 -1131.892927156197 -6734.452975483003 
6739897.253374924 -272454.7623355933 -2782660.887384409 -2820.443623425208 -1128.501004246237 -6700.106857388221 
6704851.499446409 -286249.4219418273 -2864475.208418784 -2904.481911699215 -1124.936020833775 -6664.733267932927 
6668779.574075526 -299999.3786239875 -2945850.186313813 -2988.074652913617 -1121.198524455154 -6628.337626226844 
6631687.009948302 -313702.5237790115 -3026773.341975205 -3071.20914521934 -1117.28908849696 -6590.925504263114 
6593579.494827452 -327356.7559815709 -3107232.265458085 -3153.872757780201 -1113.208312094516 -6552.50262599097 
6554462.870671693 -340959.9812986747 -3187214.617821606 -3236.052932611736 -1108.956820026639 -6513.07486636688 
6514343.132732635 -354510.1136029597 -3266708.132971834 -3317.737186404864 -1104.535262606717 -6472.648250384469 
6473226.42862944 -368005.0748846284 -3345700.619492608 -3398.913112334156 -1099.944315570127 -6431.228952083564 
6431119.057401437 -381442.7955619823 -3424179.962464153 -3479.568381850448 -1095.184679958061 -6388.823293538664 
6388027.468538898 -394821.2147905151 -3502134.125269183 -3559.690746457578 -1090.257081997806 -6345.437743827196 
6343958.260992129 -408138.2807705151 -3579551.15138625 -3639.268039473006 -1085.162272979511 -6301.078917977869 
6298918.182159155 -421391.951053141 -3656419.166170095 -3718.288177772126 -1079.901029129508 -6255.75357589949 
6252914.126852093 -434580.1928449231 -3732726.378618767 -3796.739163516037 -1074.47415148022 -6209.468621290538 
6205953.136242526 -447700.9833106521 -3808461.083127283 -3874.609085862602 -1068.882465736719 -6162.231100529903 
6158042.396785988 -460752.3098746156 -3883611.661227582 -3951.886122660605 -1063.126822139969 -6114.04820154906 
6109189.23912585 -473732.1705201371 -3958166.583314566 -4028.558542126812 -1057.208095326823 -6064.927252686085 
6059401.136976747 -486638.5740873832 -4032114.410358004 -4104.614704505806 -1051.127184186802 -6014.875721521816 
6008685.705987813 -499469.5405693986 -4105443.795600071 -4180.043063712406 -1044.885011715727 -5963.901213698521 
5957050.702585902 -512223.1014063281 -4178143.486238325 -4254.832168956554 -1038.482524866242 -5912.011471721422 
5904504.022799023 -524897.2997777917 -4250202.325093908 -4328.970666350514 -1031.920694395286 -5859.214373743407 
5851053.701060223 -537490.1908933716 -4321609.252264761 -4402.447300498265 -1025.200514708557 -5805.5179323333 
5796707.908992096 -549999.8422811801 -4392353.306763669 -4475.250916066983 -1018.323003702035 -5750.930293227982 
5741474.954172186 -562424.3340744659 -4462423.628140922 -4547.370459340485 -1011.289202600588 -5695.459734068767 
5685363.27887946 -574761.7592962297 -4531809.458091418 -4618.794979754553 -1004.100175793747 -5639.114663122343 
5628381.458822118 -587010.2241418103 -4600500.142046005 -4689.513631414056 -996.7570106686705 -5581.903617986597 
5570538.201846921 -599167.8482594098 -4668485.130746899 -4759.515674591776 -989.2608174403615 -5523.835264281712 
5511842.346630293 -611232.7650285223 -4735753.98180698 -4828.790477208878 -981.6127289791941 -5464.918394326812 
5452302.861351404 -623203.1218362375 -4802296.361252801 -4897.327516296978 -973.8139006357874 -5405.161925802549 
5391928.842347476 -635077.0803513804 -4868102.045051144 -4965.116379441723 -965.8655100632831 -5344.574900399885 
5330729.512751505 -646852.8167964624 -4933160.920618938 -5032.14676620789 -957.7687570370765 -5283.166482455478 
5268714.221112681 -658528.5222174095 -4997462.988316401 -5098.408489545932 -949.5248632720488 -5220.945957573913 
5205892.439999673 -670102.4027510365 -5060998.362923234 -5163.891477179956 -941.1350722373473 -5157.922731237163 
5142273.764587057 -681572.6798902403 -5123757.275097705 -5228.585772977131 -932.600648968765 -5094.106327401541 
5077867.91122507 -692937.5907468813 -5185730.072818494 -5292.481538298507 -923.9228798787668 -5029.506387082484 
5012684.715992958 -704195.3883123234 -5246907.222809123 -5355.56905333124 -915.1030725642037 -4964.132666927457 
4946734.13323612 -715344.3417156084 -5307279.311944854 -5417.838718402236 -906.1425556117697 -4897.995037777276 
4880026.234087282 -726382.7364792334 -5366837.048641904 -5479.281055273236 -897.0426784012401 -4831.103483216149 
4812571.204971927 -737308.8747725056 -5425571.264228831 -5539.886708417344 -887.8048109065378 -4763.468098110723 
4744379.346098218 -748121.0756624497 -5483472.914299979 -5599.646446277046 -878.430343494673 -4695.099087138407 
4675461.069931617 -758817.6753622395 -5540533.080050831 -5658.551162503756 -868.9206867225964 -4626.006763305253 
4605826.899654466 -769397.0274771315 -5596742.96959516 -5716.591877178892 -859.2772711320122 -4556.201546453677 
4535487.467610702 -779857.5032478726 -5652093.919263849 -5773.759738016598 -849.501547042186 -4485.693961760255 
4464453.513735978 -790197.4917915597 -5706577.394885258 -5830.0460215481 -839.5949843407949 -4414.494638223873 
4392735.883973391 -800415.4003399266 -5760184.993047019 -5885.442134287787 -829.5590722728534 -4342.614307144474 
4320345.528675043 -810509.6544750355 -5812908.442339167 -5939.939613881083 -819.3953192277546 -4270.063800592637 
4247293.500989667 -820478.6983623507 -5864739.604578448 -5993.530130234154 -809.1052525244679 -4196.85404987023 
4173590.955236521 -830320.9949811682 -5915670.476013763 -6046.205486625564 -798.6904181949222 -4122.996083962365 
4099249.145265789 -840035.0263523865 -5965693.188512584 -6097.957620799907 -788.1523807656154 -4048.501027980862 
4024279.422805708 -849619.2937635902 -6014800.010728266 -6148.77860604354 -777.4927230374811 -3973.38010159946 
3948693.235796621 -859072.3179914284 -6062983.349248158 -6198.660652242474 -766.7130458640471 -3897.644617480944 
3872502.126712199 -868392.639521268 -6110235.749722403 -6247.596106922531 -755.8149679279127 -3821.305979696425 
3795717.730868028 -877578.8187640983 -6156549.89797334 -6295.577456271838 -744.800125515582 -3744.37568213692 
3718351.774717785 -886629.4362706708 -6201918.621085412 -6342.597326145758 -733.6701722906753 -3666.865306917444 
3640416.074137231 -895543.0929428519 -6246334.888475495 -6388.648483054372 -722.4267790655506 -3588.786522773781 
3561922.532696204 -904318.4102421693 -6289791.812943545 -6433.723835132578 -711.0716335713597 -3510.151083452075 
3482883.139918843 -912954.0303955349 -6332282.651703494 -6477.816433092929 -699.606440226565 -3430.970826091426 
3403309.969532265 -921448.6165981238 -6373800.807394299 -6520.91947116129 -688.0329199039404 -3351.257669599627 
3323215.177703877 -929800.8532133909 -6414339.829071064 -6563.026287995442 -676.3528096960778 -3271.02361302218 
3242611.001267551 -938009.445970209 -6453893.413176152 -6604.130367586704 -664.5678626794237 -3190.280733904719 
3161509.755938866 -946073.1221571073 -6492455.404490206 -6644.225340144692 -652.6798476768612 -3109.041186648972 
3079923.834519614 -953990.6308135963 -6530019.797063016 -6683.304982965305 -640.69054901886 -3027.317200862373 
2997865.70509179 -961760.7429185576 -6566580.735124121 -6721.363221282049 -628.6017663032094 -2945.121079701425 
2915347.909201252 -969382.2515756859 -6602132.513973111 -6758.394129100789 -616.415314153352 -2862.465198208925 
2832383.060031266 -976853.9721959617 -6636669.580849522 -6794.391930018006 -604.1330219753304 -2779.362001645119 
2748983.84056614 -984174.7426771412 -6670186.535782264 -6829.350998022715 -591.7567337133618 -2695.824003812903 
2665163.001745123 -991343.4235802441 -6702678.132418511 -6863.26585828205 -579.2883076040539 -2611.863785377107 
2580933.360606805 -998358.8983030255 -6734139.278831984 -6896.131187910686 -566.7296159292706 -2527.493992177963 
2496307.798424183 -1005220.073250413 -6764565.038310539 -6927.941816724136 -554.0825447676569 -2442.727333538786 
2411299.258830604 -1011925.878001894 -6793950.630122997 -6958.692727976006 -541.3489937448337 -2357.576580567938 
2325920.745936779 -1018475.265475836 -6822291.430265176 -6988.379059079337 -528.5308757822668 -2272.054564455126 
2240185.322439075 -1024867.212090721 -6849582.972184996 -7016.996102312043 -515.6301168448197 -2186.174174762045 
2154106.107719247 -1031100.717923293 -6875820.94748665 -7044.539305506564 -502.6486556869889 -2099.948357707415 
2067696.275935839 -1037174.806863573 -6901001.206613729 -7071.004272723779 -489.5884435978321 -2013.390114446438 
1980969.05410742 -1043088.526766757 -6925119.759511247 -7096.38676491125 -476.4514441445859 -1926.512499344681 
1893937.720187863 -1048840.949601962 -6948172.77626651 -7120.682700545851 -463.2396329149788 -1839.328618246396 
1806615.601133854 -1054431.17159781 -6970156.587728743 -7143.888156260826 -449.9549972582356 -1751.851626737289 
1719016.070964805 -1059858.31338483 -6991067.686107409 -7165.99936745733 -436.5995360247763 -1664.094728401737 
1631152.548815391 -1065121.52013467 -7010902.725549175 -7187.012728900484 -423.1752593046041 -1576.071173074431 
1543038.49698088 -1070219.961696094 -7029658.522693415 -7206.924795299993 -409.6841881643825 -1487.794255086448 
1454687.418955438 -1075152.832727758 -7047332.057206214 -7225.732281875317 -396.1283543831968 -1399.277311505731 
1366112.857463621 -1079919.352827732 -7063920.472292818 -7243.432064905448 -382.5098001869944 -1310.53372037195 
1277328.392485229 -1084518.766659774 -7079421.075188395 -7260.021182263291 -368.8305779817003 -1221.576898925718 
1188347.639273705 -1088950.344076322 -7093831.337627122 -7275.496833934642 -355.0927500850008 -1132.420301832138 
1099184.246368282 -1093213.380238196 -7107148.896289463 -7289.856382521781 -341.2983884567878 -1043.077419398641 
1009851.893600055 -1097307.19573099 -7119371.553227611 -7303.097353731632 -327.4495744282573 -953.561775787069 
920364.290092166 -1101231.136678142 -7130497.276268981 -7315.21743684852 -313.5483984296533 -863.8869272199826 
830735.1722543079 -1104984.574850659 -7140524.199397737 -7326.214485191434 -299.5969597166487 -774.0664601811277 
740978.3017717153 -1108566.907773486 -7149450.623114223 -7336.086516555816 -285.5973660953529 -684.1139896100259 
651107.4635888432 -1111977.5588285 -7157275.014772271 -7344.831713639784 -271.5517336459377 -594.0431570906444 
561136.463887925 -1115215.977354109 -7163996.0088943 -7352.448424454764 -257.4621864448707 -503.8676290340805 
471079.128062597 -1118281.638741445 -7169612.407464108 -7358.935162720444 -243.330856285745 -413.6010948552259 
380949.2986867852 -1121174.044527128 -7174123.180197324 -7364.290608243999 -229.1598823986961 -323.2572651433493 
290760.8334790455 -1123892.72248259 -7177527.464789409 -7368.513607283468 -214.9514111683938 -232.849869826548 
200527.6032625529 -1126437.226699929 -7179824.567141171 -7371.603172895238 -200.7075958505978 -142.3926563300172 
110263.4899209312 -1128807.137674298 -7181013.961561657 -7373.558485265492 -186.4305962872667 -51.89938772808165 
19982.3843501293 -1131002.06238278 -7181095.290948414 -7374.378892025515 -172.1225786202095 38.61615911005273 
-70301.81559346936 -1133021.634359763 -7180068.366945 -7374.063908550769 -157.7857150032663 129.1401953808918 
-160575.2071484945 -1134865.513768774 -7177933.170075662 -7372.613218243562 -143.4221833130099 219.6589222136181 
-250823.8847073998 -1136533.387470767 -7174689.849857139 -7370.026672799198 -129.0341668579555 310.1585325434952 
-341033.9418784244 -1138024.969088832 -7170338.724887474 -7366.304292455448 -114.6238540862699 400.625212991733 
-431191.4735505171 -1139339.999069331 -7164880.282911788 -7361.446266225183 -100.1934382919669 491.0451457518741 
-521282.5779609903 -1140478.244739416 -7158315.180864885 -7355.452952112001 -85.74511731958309 581.4045104827208 
-611293.3587657196 -1141439.500360924 -7150644.244890686 -7348.324877308672 -71.28109326732145 671.6894862078425 
-701209.9271116647 -1142223.587180635 -7141868.470338338 -7340.062738378199 -56.80357218865564 761.8862532216991 
-791018.4037114949 -1142830.353476857 -7131989.02173494 -7330.667401417317 -42.31476379238686 851.9809950023813 
-880704.9209201145 -1143259.674602336 -7121007.232734845 -7320.139902202199 -27.81688114114503 941.9599001310114 
-970255.6248128543 -1143511.453023464 -7108924.606045377 -7308.481446316187 -13.31214034832873 1031.809164217799 
-1059656.677265126 -1143585.618355768 -7095742.813328965 -7295.693409259281 1.197239726522786 1121.514991834765 
-1148894.258033295 -1143482.127395654 -7081463.695081553 -7281.777336539192 15.70903778392927 1211.063598455134 
-1237954.566836557 -1143200.964148402 -7066089.260487227 -7266.734943743681 30.22103039224621 1300.441212399375 
-1326823.825439584 -1142742.139852375 -7049621.687248982 -7250.568116593967 44.73099229701906 1389.634076787897 
-1415488.279735712 -1142105.692999434 -7032063.321395534 -7233.278910978917 59.23669673191972 1478.628451500355 
-1503934.201830419 -1141291.689351538 -7013416.677064116 -7214.869552969777 73.7359157312622 1567.410615141551 
-1592147.892124871 -1140300.221953507 -6993684.436259151 -7195.342438815132 88.22642044409922 1655.966867013873 
-1680115.681399278 -1139131.411141925 -6972869.448586741 -7174.700134915871 102.7059814498966 1744.283529096244 
-1767823.932895827 -1137785.40455018 -6950974.730964893 -7152.9453777798 117.1723690757808 1832.346948029503 
-1855259.04440092 -1136262.377109598 -6928003.467309399 -7130.081073955667 131.6233537153564 1920.143497108159 
-1942407.450326497 -1134562.531046672 -6903959.008195282 -7106.110299946262 146.0567061490852 2007.659578278434 
-2029255.623790142 -1132686.095876354 -6878844.870493752 -7081.036302100289 160.4701978662191 2094.881624142515 
-2115790.078693751 -1130633.328391404 -6852664.736984581 -7054.862496482709 174.8616013882766 2181.796099968902 
-2201997.371800475 -1128404.512647757 -6825422.455943834 -7027.592468723232 189.2286905940521 2268.389505708747 
-2287864.104809668 -1125999.959945914 -6797122.040706874 -6999.229973842608 203.5692410461431 2354.64837801806 
-2373376.926429573 -1123420.008808317 -6767767.669206562 -6969.778936056434 217.8810303189796 2440.559292285646 
-2458522.534447471 -1120665.024952705 -6737363.683486627 -6939.243448556096 232.1618383283407 2526.108864666621 
-2543287.677797001 -1117735.401261421 -6705914.589190071 -6907.627773266552 246.4094476623363 2611.283754121358 
-2627659.158622371 -1114631.557746666 -6673425.055022594 -6874.936340580585 260.6216439138344 2696.070664459678 
-2711623.834339175 -1111353.941511664 -6639899.912190966 -6841.173749069196 274.796216014309 2780.4563463901 
-2795168.61969151 -1107903.026707737 -6605344.15381627 -6806.344765167794 288.9309565690848 2864.427599573964 
-2878280.488805108 -1104279.314487273 -6569762.934321973 -6770.454322837835 303.0236621939496 2947.971274684195 
-2960946.477236162 -1100483.33295255 -6533161.568796759 -6733.507523203551 317.0721338531049 3031.074275468498 
-3043153.684015568 -1096515.637100426 -6495545.532332089 -6695.509634163438 331.0741771984227 3113.723560816733 
-3124889.273688235 -1092376.808762867 -6456920.459334404 -6656.46608997614 345.0276029099736 3195.906146832214 
-3206140.478347179 -1088067.456543291 -6417292.142811967 -6616.382490820386 358.9302270377901 3277.609108906672 
-3286894.599662064 -1083588.215748728 -6376666.533636272 -6575.264602328622 372.7798713448241 3358.81958379859 
-3367139.010901873 -1078939.748317768 -6335049.739777985 -6533.118355094015 386.5743636510601 3439.524771714617 
-3446861.158951374 -1074122.742744298 -6292448.025517392 -6489.949844150447 400.3115381787376 3519.711938393742 
-3526048.566321057 -1069137.913996994 -6248867.810629307 -6445.765328425192 413.9892358986365 3599.368417193903 
-3604688.8331502 -1063986.003434575 -6204315.669542433 -6400.571230163905 427.6053048773784 3678.481611180699 
-3682769.639202718 -1058667.778716799 -6158798.330473119 -6354.374134327624 441.1576006256905 3757.038995217828 
-3760278.745855472 -1053184.033711187 -6112322.674533547 -6307.180787961403 454.6439864475797 3835.028118058895 
-3837203.998078652 -1047535.588395465 -6064895.73481426 -6258.998099534285 468.0623337903595 3912.436604440198 
-3913533.326407915 -1041723.288755722 -6016524.695441103 -6209.833138250301 481.4105225954719 3989.252157174088 
-3989254.748907914 -1035748.006680263 -5967216.890606517 -6159.693133330127 494.6864416500421 4065.462559242489 
-4064356.373126833 -1029610.639849155 -5916979.803575193 -6108.585473263147 507.8879889391035 4141.055675890151 
-4138826.398041597 -1023312.111619456 -5865821.065664124 -6056.51770502958 521.0130719984247 4216.019456717182 
-4212653.115993369 -1016853.370906125 -5813748.455197025 -6003.497533292388 534.059608267872 4290.341937770399 
-4285824.914612968 -1010235.392058597 -5760769.896433179 -5949.53281955869 547.0255254452341 4364.011243633045 
-4358330.278735826 -1003459.17473303 -5706893.45847068 -5894.631581310374 559.9087618404366 4437.015589512345 
-4430157.792306129 -996525.7437602065 -5652127.354124167 -5838.801991103669 572.7072667300707 4509.343283324428 
-4501296.140269712 -989436.149009099 -5596479.938777034 -5782.052375637387 585.4190007121547 4580.982727776101 
-4571734.110455388 -982191.4652460867 -5539959.709208168 -5724.391214789614 598.0419360610505 4651.922422442908 
-4641460.595444263 -974792.7919898301 -5482575.302393293 -5665.827140622603 610.5740570824497 4722.15096584299 
-4710464.594426678 -967241.2533617967 -5424335.494280925 -5606.368936355608 623.0133604683456 4791.657057506126 
-4778735.215046396 -959537.9979324419 -5365249.198543052 -5546.025535305518 635.3578556518996 4860.429500037437 
-4846261.675231585 -951684.1985630476 -5305325.465300575 -5484.806019795022 647.6055651621159 4928.457201175135 
-4913033.305012279 -943681.0522432183 -5244573.479823577 -5422.719620028131 659.7545249782299 4995.729175841754 
-4979039.548323825 -935529.7799240426 -5183002.561206556 -5359.775712932916 671.8027848837146 5062.234548188224 
-5044269.964795992 -927231.6263469221 -5120622.161018655 -5295.983820971266 683.7484088198104 5127.962553630206 
-5108714.231527303 -918787.8598680751 -5057441.861929018 -5231.353610915529 695.5894752384787 5192.902540876034 
-5172362.144844164 -910199.7722787244 -4993471.376307371 -5165.894892591907 707.3240774546781 5257.043973945632 
-5235203.62204443 -901468.6786209758 -4928720.544799949 -5099.617617590494 718.95032399786 5320.376434179763 
-5297228.703124952 -892595.9169993997 -4863199.33488088 -5032.531877941867 730.4663389625811 5382.889622238946 
-5358427.552492732 -883582.8483883238 -4796917.839379163 -4964.647904760103 741.8702623581227 5444.573360091373 
-5418790.460659256 -874430.856434855 -4729886.274981387 -4895.976066852236 753.1602504570119 5505.417592989157 
-5478307.845917585 -865141.3472576399 -4662114.980710321 -4826.526869294016 764.3344761423347 5565.412391432211 
-5536970.256001818 -855715.7492413793 -4593614.416379537 -4756.310951972016 775.391129253725 5624.547953119076 
-5594768.369728483 -846155.5128271212 -4524395.161024242 -4685.339088092027 786.3284169319227 5682.814604883997 
-5651692.998619486 -836462.1102983371 -4454467.911308481 -4613.622182653784 797.1445639617818 5740.202804619546 
-5707735.088506144 -826637.0355628151 -4383843.479908882 -4541.171270892003 807.8378131136171 5796.703143184054 
-5762885.72111396 -816681.8039303818 -4312532.79387515 -4467.997516683833 818.4064254827643 5852.306346293174 
-5817136.115627676 -806597.951886478 -4240546.892967522 -4394.112210922737 828.8486808272471 5907.00327639481 
-5870477.630236208 -796387.0368616147 -4167896.927971337 -4319.526769858919 839.1628779034205 5960.784934526717 
-5922901.763657078 -786050.6369967309 -4094594.158989005 -4244.252733406379 849.3473347994789 6013.642462156026 
-5974400.156639906 -775590.3509044831 -4020649.953709553 -4168.301763416748 859.4003892666993 6065.567142999952 
-6024964.59344855 -765007.7974264929 -3946075.785655997 -4091.685641920028 869.3203990483078 6116.550404826969 
-6074587.003321531 -754304.6153865834 -3870883.232410801 -4014.416269332407 879.1057422058351 6166.583821237697 
-6123259.461910304 -743482.4633400381 -3795083.973819643 -3936.505662631338 888.7548174428503 6215.659113424764 
-6170974.192694978 -732543.0193189097 -3718689.790173777 -3857.965953498113 898.2660444259361 6263.768151910916 
-6217723.568377123 -721487.9805734195 -3641712.560371246 -3778.809386428122 907.6378641027928 6310.902958264604 
-6263500.112249214 -710319.0633094793 -3564164.260057247 -3699.048316809079 916.8687390173399 6357.055706792355 
-6308296.499540369 -699038.0024223733 -3486056.959743899 -3618.695208967476 925.957153621692 6402.218726207142 
-6352105.558737977 -687646.551226643 -3407402.822909753 -3537.762634183574 934.9016145848874 6446.384501272061 
-6394920.272884833 -676146.4811822113 -3328214.104079334 -3456.263268675218 943.7006510982402 6489.545674418539 
-6436733.780851381 -664539.5816167876 -3248503.146883012 -3374.209891550848 952.3528151771951 6531.695047338398 
-6477539.378582742 -652827.6594446035 -3168282.382097578 -3291.615382732041 960.8566819595608 6572.825582548986 
-6517330.520320088 -641012.5388815159 -3087564.325667782 -3208.492720845979 969.2108499999941 6612.930404930727 
-6556100.819796062 -629096.0611565314 -3006361.576709268 -3124.854981088231 977.4139415606203 6652.002803236321 
-6593844.051403824 -617080.0842197948 -2924686.815493168 -3040.715333056294 985.4646028976558 6690.036231570916 
-6630554.151339426 -604966.4824470946 -2842552.801412783 -2956.087038554309 993.3615045439233 6727.024310842546 
-6666225.218717106 -592757.1463409351 -2759972.370932674 -2870.983449369451 1001.103341587128 6762.960830182139 
-6700851.516657207 -580453.9822282281 -2676958.435520566 -2785.418005020445 1008.688833943783 6797.839748332434 
-6734427.473346364 -568058.9119546585 -2593523.979562443 -2699.404230478741 1016.116726628664 6831.655195005101 
-6766947.683069607 -555573.8725757775 -2509682.05826122 -2612.95573386287 1023.385790019665 6864.401472205419 
-6798406.907214099 -543000.8160448853 -2425445.795519403 -2526.086204106514 1030.494820117964 6896.073055523876 
-6828800.075244144 -530341.7088977532 -2340828.381806134 -2438.809408600881 1037.442638803346 6926.66459539402 
-6858122.285647199 -517598.5319342532 -2255843.072009063 -2351.139190811952 1044.228094084616 6956.170918315942 
-6886368.806850537 -504773.2798969529 -2170503.18327143 -2263.089467873217 1050.850060344943 6984.58702804479 
-6913535.078108318 -491867.9611467349 -2084822.092814839 -2174.674228154523 1057.307438582069 7011.908106743695 
-6939616.710358724 -478884.5973355105 -1998813.235748112 -2085.90752880768 1063.599156643242 7038.129516100528 
-6964609.487050935 -465825.2230760882 -1912490.102862722 -1996.803493289474 1069.724169454783 7063.2467984079 
-6988509.364941623 -452691.8856092661 -1825866.2384152 -1907.3763088628 1075.681459246183 7087.255677605883 
-7011312.474860724 -439486.6444682136 -1738955.237897041 -1817.640224076555 1081.470035768626 7110.152060286848 
-7033015.12244624 -426211.5711402133 -1651770.745792513 -1727.609546225073 1087.08893650783 7131.932036661967 
-7053613.788847818 -412868.748725831 -1564326.453324888 -1637.298638787772 1092.537226891135 7152.591881488805 
-7073105.131398835 -399460.2715955881 -1476636.096191548 -1546.7219188498 1097.814000488707 7172.128054959549 
-7091485.984256835 -385988.2450442051 -1388713.452288468 -1455.893854504415 1102.918379208798 7190.537203549383 
-7108753.35901202 -372454.7849424922 -1300572.339424549 -1364.828962237892 1107.84951348696 7207.81616082456 
-7124904.445263641 -358862.0173869613 -1212226.613026317 -1273.541804297733 1112.606582469123 7223.961948209735 
-7139936.61116406 -345212.0783472339 -1123690.163833469 -1182.046986044992 1117.18879418846 7238.971775714132 
-7153847.403930309 -331507.1133113214 -1034976.915585789 -1090.359153291536 1121.595385735959 7252.843042616174 
-7166634.550322957 -317749.2769288582 -946100.8227019367 -998.4929896230487 1125.825623424621 7265.573338106155 
-7178295.957092124 -303940.7326523612 -857075.8679506258 -906.4632137086461 1129.878802947209 7277.160441886648 
-7188829.711390467 -290083.6523766002 -767916.0601147125 -814.2845765979309 1133.754249527482 7287.602324730289 
-7198234.081153029 -276180.2160761551 -678635.4316487177 -721.9718590063643 1137.451318064845 7296.897148994612 
-7206507.51544374 -262232.6114412442 -589248.0363303099 -629.5398685898119 1140.96939327234 7305.043269093671 
-7213648.644768542 -248243.0335119027 -499767.9469062806 -537.003437209159 1144.307889807938 7312.039231926174 
