-7232720.49 -167227.7 14595.566 -5.243469 1160.65545 7329.834189 
-7232216.284973782 -153004.9549772988 104331.665369097 87.60873716782051 1162.711062259461 7329.068852625108 
-7230575.336381469 -138758.1609896931 194051.3247038852 180.450018954053 1164.583982510687 7327.148604717748 
-7227797.869345362 -124489.5566856234 283740.4056393364 273.2654498758172 1166.273899104222 7324.073687944329 
-7223884.291718827 -110201.3843411811 373384.7739714202 366.0401063284743 1167.780531094393 7319.844539364934 
-7218835.194033995 -95895.88948384409 462970.302036799 458.759070371671 1169.103628296295 7314.461790380446 
-7212651.349415369 -81575.32051555818 552482.871091602 551.4074325144829 1170.242971335673 7307.926266634722 
-7205333.713459332 -67241.9283352515 641908.3736887251 643.970294498725 1171.198371691686 7300.238987871843 
-7196883.424079599 -52897.96596086871 731232.7160531093 736.4327720794998 1171.969671732549 7291.40116774851 
-7187301.801318654 -38545.68815101263 820441.8204544479 828.7799978020566 1172.556744744035 7281.414213601656 
-7176590.347125207 -24187.35102628075 909521.6275767747 920.9971237740367 1172.95949495083 7270.279726171389 
-7164750.745097749 -9825.211690383887 998458.0988843878 1013.069324432185 1173.177857530753 7257.9994992794 
-7151784.86019427 4538.472148865561 1087237.218983563 1104.981799302613 1173.211798621835 7244.575519462979 
-7137694.738408233 18901.44255860823 1175844.997979519 1196.719775753697 1173.061315322256 7230.009965564832 
-7122482.606410882 33261.44175994812 1264267.473828087 1288.268511740718 1172.726435683172 7214.305208278884 
-7106150.871160018 47616.21250683157 1352490.71468155 1379.613298541332 1172.207218694428 7197.463809652311 
-7088702.119475328 61963.49846470785 1440500.82122813 1470.739463480991 1171.503754263175 7179.488522544028 
-7070139.11758043 76301.0445888847 1528283.929024563 1561.632372647427 1170.616163185433 7160.382290039916 
-7050464.810611737 90626.59750249256 1615826.210821267 1652.277433593329 1169.544597110598 7140.148244825086 
-7029682.32209433 104937.9058739713 1703113.878879551 1742.660098026343 1168.289238498941 7118.789708513467 
-7007794.953384957 119232.7207939938 1790133.187280367 1832.765864485555 1166.85030057213 7096.310190935088 
-6984806.183082372 133508.7961517414 1876870.43422407 1922.580281003596 1165.228027256804 7072.713389381381 
-6960719.666405153 147763.8890104459 1963311.96432069 2012.088947753557 1163.42269312124 7048.003187808901 
-6935539.23453723 161995.7599821145 2049444.170870198 2101.277519679883 1161.43460330517 7022.183656001856 
-6909268.893941291 176202.1736013532 2135253.49813227 2190.131709112439 1159.264093442774 6995.259048693853 
-6881912.825640297 190380.8986982068 2220726.443585054 2278.637288362978 1156.911529578916 6967.233804649321 
-6853475.384467321 204529.7087699312 2305849.560172439 2366.780092303195 1154.377308078671 6938.112545705038 
-6823961.09828394 218646.3823516182 2390609.458539358 2454.546020923641 1151.661855530195 6907.900075772261 
-6793374.667167411 232728.7033855901 2474992.809254628 2541.921041872727 1148.765628641009 6876.601379799936 
-6761720.962566901 246774.4615894846 2558986.34502086 2628.89119297509 1145.689114127748 6844.221622699506 
-6729005.026429003 260781.4528229503 2642576.862870975 2715.44258472861 1142.432828599454 6810.766148231837 
-6695232.070292822 274747.4794528745 2725751.22635087 2801.561402779372 1138.997318434467 6776.240477856811 
-6660407.474354896 288670.3507170643 2808496.367687761 2887.233910373894 1135.383159651005 6740.650309546133 
-6624536.786504234 302547.8830863052 2890799.28994378 2972.446450787959 1131.590957771485 6704.001516559948 
-6587625.721327772 316377.9006247213 2972647.069154368 3057.185449731398 1127.62134768069 6666.300146187828 
-6549680.159086528 330158.2353483603 3054026.856451043 3141.437417728198 1123.47499347783 6627.552418454748 
-6510706.144662777 343886.7275819322 3134925.880168114 3225.188952471335 1119.152588322614 6587.764724792669 
-6470709.886478554 357561.2263136253 3215331.447932921 3308.426741151719 1114.654854275387 6546.943626678331 
-6429697.755385803 371179.5895479309 3295230.948739197 3391.137562760714 1109.982542131443 6505.095854237934 
-6387676.283528497 384739.6846564027 3374611.855003143 3473.308290365646 1105.136431249588 6462.228304819315 
-6344652.163177078 398239.3887262836 3453461.724601835 3554.925893357795 1100.117329375052 6418.348041532317 
-6300632.245535529 411676.5889069301 3531768.202893556 3635.977439672349 1094.926072456849 6373.462291758001 
-6255623.539521462 425049.1827539667 3609519.024719706 3716.45009797983 1089.563524459663 6327.578445627378 
-6209633.210519533 438355.0785711048 3686702.016387887 3796.331139848527 1084.030577170377 6280.704054470371 
-6162668.579108573 451592.19574956 3763305.097635832 3875.607941877481 1078.328149999335 6232.846829235679 
-6114737.11976279 464758.4651050049 3839316.283575809 3954.267987799604 1072.457189776436 6184.014638882256 
-6065846.459527396 477851.8292119946 3914723.686619158 4032.298870554516 1066.418670542169 6134.215508743114 
-6016004.376669052 490870.2427358026 3989515.518380641 4109.688294330719 1060.213593333682 6083.457618862167 
-5965218.799301501 503811.6727616086 4063680.091562255 4186.424076576751 1053.842985966008 6031.749302304829 
-5913497.803986764 516674.0991209777 4137205.821816217 4262.494149980959 1047.307902808528 5979.099043443095 
-5860849.614312293 529455.5147155756 4210081.22958679 4337.886564419598 1040.609424556808 5925.515476215826 
-5807282.599444474 542153.9258380609 4282294.941930669 4412.58948887292 1033.748657999891 5871.007382364981 
-5752805.272658862 554767.3524901026 4353835.694315627 4486.591213309015 1026.726735783173 5815.583689648508 
-5697426.289847553 567293.8286974672 4424692.332397142 4559.880150535113 1019.544816166958 5759.253470030647 
-5641154.448004093 579731.4028221237 4494853.813772732 4632.444838016125 1012.20408278081 5702.025937850363 
-5583998.683686322 592078.1378713171 4564309.209713739 4704.273939660211 1004.705744373817 5643.910447968659 
-5525968.071457556 604332.1118035583 4633047.706874303 4775.356247571176 997.0510345608637 5584.916493895479 
-5467071.822306532 616491.417831485 4701058.60897728 4845.680683767516 989.2412115650366 5525.053705896958 
-5407319.282046492 628554.1647215453 4768331.338476878 4915.236301867968 981.2775579562683 5464.331849083735 
-5346719.929693853 640518.4770904589 4834855.438197765 4984.012288743428 973.1613803863335 5402.76082148105 
-5285283.375826848 652382.4956984122 4900620.572950451 5051.997966135124 964.8940093203058 5340.350652081371 
-5223019.360924573 664144.3777389447 4965616.531122719 5119.182792238948 956.4767987645904 5277.111498880242 
-5159937.753686833 675802.2971254853 5029833.226246913 5185.556363255887 947.9111259916394 5213.053646896088 
-5096048.549335224 687354.4447744975 5093260.698542885 5251.108414908469 939.1983912614641 5148.187506174681 
-5031361.867895848 698799.0288851982 5155889.116436424 5315.828823923223 930.3400175400513 5082.523609778969 
-4965887.952464096 710134.275215808 5217708.778052982 5379.707609479115 921.3374502147958 5016.072611764964 
-4899637.167451898 721358.4273563022 5278710.112686545 5442.734934621963 912.1921568070552 4948.845285144388 
-4832619.996817866 732469.7469976237 5338883.682243476 5504.901107644851 902.9056266819379 4880.852519834756 
-4764847.042280751 743466.5141973279 5398220.182661192 5566.196583434587 893.4793707554292 4812.105320597563 
-4696329.021516615 754347.0276416248 5456710.445301524 5626.611964784246 883.9149211989636 4742.614804965261 
-4627076.766340139 765109.6049037903 5514345.438318641 5686.138003671865 874.2138311415474 4672.392201157666 
-4557101.220870497 775752.582698915 5571116.268001388 5744.765602505394 864.3776743695364 4601.448845988455 
-4486413.439682174 786274.3171349647 5627014.180089949 5802.485815333987 854.408045024171 4529.796182762386 
-4415024.585941179 796673.1839601235 5682030.561066706 5859.289849025754 844.3065572969717 4457.445759163874 
-4342945.929527024 806947.5788063954 5736156.939421199 5915.169064412104 834.074845123094 4384.409225137539 
-4270188.845140915 817095.9174294405 5789384.986889094 5970.114977398833 823.7145618727421 4310.698330761331 
-4196764.810400532 827116.6359446201 5841706.519665061 6024.119260044095 813.2273800407397 4236.324924112832 
-4122685.403921811 837008.1910592319 5893113.499589502 6077.173741603457 802.6149909343519 4161.300949129316 
-4047962.303388144 846769.060300912 5943598.035309033 6129.270409542187 791.8791043594548 4085.638443462137 
-3972607.283607371 856397.7422421857 5993152.383410673 6180.401410515007 781.0214483051434 4009.349536326012 
-3896632.214556984 865892.7567211475 6041768.949529672 6230.559051313491 770.0437686268701 3932.446446343732 
-3820049.059417926 875252.6450582527 6089440.289430923 6279.735799781336 758.9478287282021 3854.941479386854 
-3742869.872597381 884475.9702692063 6136159.110063915 6327.924285697742 747.7354092412849 3776.847026412874 
-3665106.797740939 893561.3172739302 6181918.270591197 6375.117301629125 736.4083077060975 3698.175561299404 
-3586772.065734531 902507.2931015982 6226710.783390295 6421.307803749423 724.9683382485837 3618.939638675838 
-3507877.99269651 911312.5270917232 6270529.815029082 6466.488912629245 713.4173312577385 3539.151891752995 
-3428436.977960259 919975.671091285 6313368.68721456 6510.653913994121 701.7571330617319 3458.825030151193 
-3348461.502047703 928495.3996478873 6355220.877715043 6553.796259452149 689.9896056031455 3377.97183772722 
-3267964.124634099 936870.4101989341 6396080.021255734 6595.909567191275 678.116626113398 3296.605170400633 
-3186957.482504476 945099.4232568144 6435939.910387687 6636.987622646537 666.1400867864334 3214.737953979809 
-3105454.287502084 953181.1825900887 6474794.496330152 6677.024379137531 654.061894451742 3132.383181988158 
-3023467.324469225 961114.4554006682 6512637.889786309 6716.013958476403 641.8839702467843 3049.5539134909 
-2941009.449180807 968898.0324969802 6549464.361732402 6753.950651546673 629.6082492888839 2966.263270922779 
-2858093.58627101 976530.7284631132 6585268.344180286 6790.828918853187 617.2366803466545 2882.524437917087 
-2774732.727153368 984011.3818239375 6620044.430913402 6826.643391043508 604.7712255110239 2798.35065713635 
-2690939.927934663 991338.8552061949 6653787.378196206 6861.388869401051 592.2138598659152 2713.755228105013 
-2606728.30732294 998512.0354955557 6686492.105457078 6895.060326310281 579.5665711586433 2628.751505044456 
-2522111.044530001 1005529.833989638 6718153.695944739 6927.652905694283 566.8313594700829 2543.352894710646 
-2437101.377168706 1012391.18654699 6748767.397358214 6959.161923425016 554.0102368846625 2457.572854234718 
-2351712.599145422 1019095.053732027 6778328.622450377 6989.582867706575 541.1052271602356 2371.424888966792 
-2265958.05854794 1025640.420955929 6806832.949605114 7018.911399431769 528.1183653978792 2284.922550323259 
-2179851.155529184 1032026.298613498 6834276.12338816 7047.14335251233 515.051697711667 2198.079433637838 
-2093405.340187049 1038251.722215963 6860654.055071644 7074.274734183077 501.9072808984633 2110.909176016602 
-2006634.110440656 1044315.752519758 6885962.823132402 7100.301725280329 488.6871821077805 2023.425454197249 
-1919551.009903375 1050217.475651241 6910198.67372411 7125.220680494899 475.3934785117414 1935.641982412799 
-1832169.625752883 1055956.003227386 6933358.021123284 7149.028128599961 462.0282569751872 1847.572510259947 
-1744503.586598601 1061530.472472434 6955437.448149218 7171.720772654105 448.5936137259667 1759.230820572262 
-1656566.560346788 1066940.046330506 6976433.706557909 7193.295490179878 435.091654025444 1670.630727298407 
-1568372.252063598 1072183.913574182 6996343.71741004 7213.749333318113 421.524491839256 1581.786073385556 
-1479934.401836396 1077261.288909062 7015164.571413083 7233.079528958337 407.8942495083548 1492.710728668173 
-1391266.78263362 1082171.413074285 7032893.529237583 7251.283478845547 394.2030574203612 1403.41858776229 
-1302383.198163484 1086913.552939038 7049528.0218077 7268.358759663648 380.4530536812601 1313.923567965433 
-1213297.480731792 1091487.001595049 7065065.650566073 7284.303123095824 366.6463837874633 1224.239607162324 
-1124023.489099164 1095891.078445054 7079504.187713081 7299.114495862119 352.7852002982636 1134.380661736466 
-1034575.106337928 1100125.129287272 7092841.57642057 7312.790979734499 338.8716625087055 1044.360704487733 
-944966.2376889747 1104188.526395869 7105075.931020123 7325.330851529658 324.9079361228909 954.1937225560623 
-855210.8084188295 1108080.668597426 7116205.537165949 7336.732563079816 310.8961929277427 863.8937153513327 
-765322.7616772151 1111800.981343421 7126228.851972463 7346.994741181774 296.8386104672433 773.4746924895196 
-675316.0563553728 1115348.916778712 7135144.504126638 7356.11618752445 282.7373717171647 682.9506717351993 
-585204.6649453992 1118723.953806062 7142951.29397521 7364.095878595145 268.594664760308 592.3356769504708 
-495002.5714008604 1121925.59814667 7149648.193586802 7370.932965564764 254.4126824622643 501.6437360503537 
-404723.7689989392 1124953.382396748 7155234.346789066 7376.626774152204 240.1936221477117 410.8888789647197 
-314382.2582043684 1127806.866080139 7159709.069180904 7381.176804468133 225.9396852772605 320.0851356068017 
-223992.0445354024 1130485.635696969 7163071.848119868 7384.582730838355 211.6530771248571 229.2465338483261 
-133567.1364320757 1132989.304768374 7165322.3426848 7386.844401606965 197.3360064557568 138.3870975013024 
-43121.54312699274 1135317.513877264 7166460.383613809 7387.961838919478 182.9906852050746 47.52084430650341 
47330.72748110392 1137469.930705174 7166485.973217662 7387.935238486109 168.6193281569219 -43.33821607133625 
137775.6709507474 1139446.250065185 7165399.285268671 7386.764969325377 154.2241526241371 -134.1760840415812 
228199.2884179018 1141246.193930917 7163200.664865155 7384.451573488208 139.8073781286149 -224.9787720789944 
318587.5887126199 1142869.511461632 7159890.628271572 7380.995765762667 125.3712260822428 -315.7323067082589 
408926.59047197 1144315.979023414 7155469.862734389 7376.398433359491 110.9179194684478 -406.4227304817061 
499202.324248994 1145585.400206469 7149939.226273783 7370.660635578537 96.44968252435871 -497.0361039502416 
589400.8346174667 1146677.605838528 7143299.747451252 7363.783603456295 81.9687404235887 -587.5585076274548 
679508.1822722239 1147592.453994377 7135552.625113223 7355.76873939457 67.47731895964147 -677.9760439469068 
769510.4461248299 1148329.830001508 7126699.228110737 7346.617616770453 52.97764422994439 -768.2748392125865 
859393.7253943559 1148889.646441912 7116741.0949953 7336.331979527683 38.47194232051213 -858.4410455425292 
949144.1416930418 1149271.843150011 7105679.933690972 7324.913741749496 23.96243899124345 -948.4608428055891 
1038747.841106615 1149476.387206742 7093517.621142794 7312.364987213044 9.451359361854083 -1038.320440551359 
1128190.996269044 1149503.272929799 7080256.202941627 7298.687968925467 -5.05907240155145 -1128.00607993323 
1217459.808431494 1149352.521860044 7065897.892925485 7283.885108641692 -19.56663339926657 -1217.504035624579 
1306540.509525278 1149024.182744093 7050445.072757455 7267.958996364011 -34.06910231012495 -1306.800617728075 
1395419.364218556 1148518.331513074 7033900.291480278 7250.912389823507 -48.56425970299555 -1395.882173678097 
1484082.67196659 1147835.071257596 7016266.265047689 7232.748213943361 -63.0498883476274 -1484.735090136234 
1572516.769055301 1146974.532198893 6997545.875832585 7213.469560284103 -77.52377352484061 -1573.345794879869 
1660708.030637939 1145936.871656191 6977742.172112116 7193.079686470811 -91.98370333606013 -1661.700758683809 
1748642.872764622 1144722.274010283 6956858.367529782 7171.582015602313 -106.4274690121883 -1749.786497194949 
1836307.754404527 1143330.950663327 6934897.840534623 7148.980135642392 -120.8528652218116 -1837.589572799941 
1923689.179460532 1141763.139994872 6911864.133797581 7125.277798793025 -135.257690378737 -1925.09659648583 
2010773.698776058 1140019.107314131 6887760.953605134 7100.47892084964 -149.6397469488522 -2012.294229693632 
2097547.912133922 1138099.144808495 6862592.169230267 7074.587580538424 -163.9968417563042 -2099.169186164804 
2183998.470246953 1136003.571488298 6836361.812280894 7047.608018835646 -178.3267862889893 -2185.708233780572 
2270112.076740178 1133732.733127861 6809074.076025795 7019.544638269013 -192.6273970033469 -2271.898196394058 
2355875.49012433 1131287.002202792 6780733.314698172 6990.402002201025 -206.8964956284503 -2357.725955655158 
2441275.525760488 1128666.777823579 6751344.042776904 6960.184834094325 -221.1319094693844 -2443.178452828106 
2526299.057815594 1125872.485665468 6720910.9342456 6928.898016759007 -235.3314717099015 -2528.242690601661 
2610933.021208663 1122904.577894641 6689438.821829529 6896.546591581869 -249.4930217143445 -2612.905734891844 
2695164.413547432 1119763.533090702 6656932.696210525 6863.135757737566 -263.6144053288263 -2697.154716637145 
2778980.297055242 1116449.856165483 6623397.705219968 6828.670871381642 -277.6934751816532 -2780.976833586123 
2862367.80048794 1112964.07827817 6588839.153009919 6793.157444825393 -291.7280909829789 -2864.359352077295 
2945314.121040553 1109306.756746769 6553262.499202507 6756.601145692523 -305.7161198236751 -2947.28960881123 
3027806.526243533 1105478.474955925 6516673.358017684 6719.007796057555 -319.6554364734036 -3029.755012614733 
3109832.355848343 1101479.842261081 6479077.497379416 6680.383371565952 -333.5439236778734 -3111.743046197017 
3191379.023702152 1097311.493889016 6440480.838000423 6640.734000535894 -347.3794724552655 -3193.241267897734 
3272434.019611425 1092974.090834752 6400889.452445582 6600.065963041669 -361.159982391807 -3274.237313426756 
3352984.911194179 1088468.319754854 6360309.56417406 6558.385689978635 -374.8833619364756 -3354.718897595552 
3433019.345720676 1083794.892857119 6318747.546560323 6515.699762109688 -388.5475286948122 -3434.673816040042 
3512525.051942327 1078954.547786678 6276209.921894089 6472.014909093208 -402.1504097218221 -3514.089946934765 
3591489.841908583 1073948.047508522 6232703.360359357 6427.338008492417 -415.6899418139396 -3592.95525269822 
3669901.612771587 1068776.180186447 6188234.678992608 6381.676084766099 -429.164071800033 -3671.257781689212 
3747748.348578349 1063439.759058458 6142810.840620295 6335.036308240659 -442.5707568314252 -3748.985669894026 
3825018.122050225 1057939.622308615 6096438.952775737 6287.425994063437 -455.9079646709017 -3826.127142604275 
3901699.096349465 1052276.632935354 6049126.266595523 6238.852601137266 -469.1736739806797 -3902.670516085214 
3977779.526832602 1046451.678616288 6000880.175695552 6189.323731036206 -482.3658746093092 -3978.604199234349 
4053247.762790451 1040465.671569499 5951708.215026829 6138.847126902438 -495.4825678774751 -4053.916695230128 
4128092.249174491 1034319.548411342 5901618.059711142 6087.430672324246 -508.5217668626705 -4128.596603170522 
4202301.528309382 1028014.270010771 5850617.523856724 6035.082390195097 -521.4814966827072 -4202.63261970128 
4275864.241591413 1021550.821340194 5798714.559354066 5981.810441553738 -534.3597947780308 -4276.013540633629 
4348769.131172623 1014930.211322888 5745917.254651977 5927.623124405325 -547.1547111928055 -4348.728262551216 
4421005.041630376 1008153.472676976 5692233.833514038 5872.52887252353 -559.8643088547316 -4420.765784406036 
4492560.921622154 1001221.661755987 5637672.653755592 5816.536254233627 -572.4866638535602 -4492.115209103122 
4563425.825525332 994135.8583860127 5582242.205961392 5759.653971176523 -585.019865718266 -4562.765745073751 
4633588.915061709 986897.1656994831 5525951.112184073 5701.890857053745 -597.4620176928385 -4632.706707836911 
4703039.460906551 979506.7099655691 5468808.124623569 5643.25587635336 -609.8112370106517 -4701.927521548772 
4771766.844281925 971965.6404172388 5410822.12428764 5583.758123056838 -622.0656551673717 -4770.417720539899 
4839760.55853408 964275.1290749803 5352002.119633653 5523.406819326865 -634.2234181923575 -4838.166950839943 
4907010.210694647 956436.3705672113 5292357.245191776 5462.211314176114 -646.2826869185134 -4905.164971689526 
4973505.523025428 948450.5819473944 5231896.760169741 5400.181082116997 -658.2416372505481 -4971.401657039055 
5039236.33454653 940319.0025078786 5170630.047039335 5337.325721792425 -670.0984604315945 -5036.866997034163 
5104192.602547627 932042.8935904861 5108566.610104796 5273.654954587604 -681.851363308144 -5101.551099487507 
5168364.404082106 923623.5383938667 5045716.074053265 5209.178623222913 -693.4985685932485 -5165.444191336614 
5231741.937443871 915062.2417776404 4982088.182487487 5143.906690327904 -705.0383151279422 -5228.536620087488 
5294315.523626572 906360.3300633504 4917692.796440913 5077.849236996482 -716.4688581408325 -5290.81885524367 
5356075.607765031 897519.1508322494 4852539.892875412 5011.01646132334 -727.7884695058131 -5352.281489720453 
5417012.760558639 888540.072719943 4786639.563161747 4943.418676921691 -738.9954379978461 -5412.915241243925 
5477117.679676481 879424.4852079129 4720002.011543029 4875.06631142241 -750.0880695467646 -5472.710953734565 
5536381.191143983 870173.7984119452 4652637.553581318 4805.969904954642 -761.0646874890413 -5531.65959867503 
5594794.250710843 860789.44286749 4584556.614587581 4736.140108607997 -771.923632817473 -5589.752276461858 
5652347.945200013 851272.8693119754 4515769.728035202 4665.587682876424 -782.6632644287276 -5646.980217740738 
5709033.493837528 841625.5484641062 4446287.533957247 4594.323496083872 -793.2819593686984 -5703.334784725047 
5764842.249562945 831848.9708001701 4376120.777327681 4522.358522791874 -803.7781130756139 -5758.807472497311 
5819765.700320177 821944.6463273837 4305280.306426774 4449.703842189178 -814.150139620848 -5813.389910293287 
5873795.4703285 811914.1043543033 4233777.071190876 4376.370636463564 -824.3964719473757 -5867.073862768323 
5926923.321333523 801758.8932583312 4161622.121546812 4302.370189155993 -834.5155621058192 -5919.85123124568 
5979141.153837889 791480.5802503471 4088826.605731098 4227.713883497267 -844.5058814880285 -5971.714054946486 
6030441.008311523 781080.7511364956 4015401.768594217 4152.413200727334 -854.3659210581435 -6022.654512201001 
6080815.06638118 770561.0100771597 3941358.949890177 4076.479718397453 -864.0941915810778 -6072.664921640859 
6130255.651999113 759922.9793431539 3866709.582551593 3999.925108655375 -873.6892238483717 -6121.737743371967 
6178755.232590642 749168.2990691676 3791465.190950532 3922.761136513758 -883.1495689013576 -6169.865580127738 
6226306.420180419 738298.627004494 3715637.389145354 3844.99965810201 -892.4737982515802 -6217.041178402337 
6272901.972497188 727315.6382610765 3639237.879113811 3766.652618901781 -901.6605040984181 -6263.257429563605 
6318534.794056854 716221.0250589093 3562278.448972637 3687.732051966325 -910.7082995438494 -6308.507370945365 
6363197.937223637 705016.496468825 3484770.971183903 3608.250076123975 -919.6158188043059 -6352.784186918771 
6406884.603249148 693703.7781527078 3406727.400748377 3528.218894165964 -928.3817174195606 -6396.081209942405 
6449588.14328918 682284.6121011672 3328159.773386161 3447.65079101885 -937.0046724585929 -6438.391921590793 
6491302.059398036 670760.7563687096 3249080.203704875 3366.558131901814 -945.4833827223778 -6479.70995356105 
6532020.005500186 659133.9848064473 3169500.883355644 3284.953360469088 -953.8165689435417 -6520.029088657333 
6571735.788339124 647406.0867923817 3089434.079177174 3202.848996937814 -962.0029739828349 -6559.34326175282 
6610443.368403185 635578.8669593011 3008892.131328192 3120.257636201602 -970.0413630223621 -6597.646560728899 
6648136.860828203 623654.1449203329 2927887.451408521 3037.191945930104 -977.9305237555226 -6634.933227391298 
6684810.536276804 611633.7549921911 2846432.52056909 2953.664664654904 -985.6692665736031 -6671.197658362848 
6720458.82179419 599519.5459161592 2764539.887611151 2869.688599842039 -993.2564247489748 -6706.434405952617 
6755076.301640238 587313.3805768521 2682222.167075007 2785.276625951479 -1000.690854614841 -6740.638179001131 
6788657.718097773 575017.1357187986 2599492.037318533 2700.441682483901 -1007.971435741486 -6773.803843701402 
6821197.972256842 562632.7016608872 2516362.238585805 2615.196772015096 -1015.097071108975 -6805.926424395526 
6852692.124774851 550161.9820087203 2432845.571066112 2529.554958218355 -1022.066687276251 -6837.001104346566 
6883135.396612422 537606.8933649193 2348954.892943689 2443.529363875205 -1028.879234546597 -6867.023226485489 
6912523.169744821 524969.3650374281 2264703.118438439 2357.133168874839 -1035.533687129391 -6895.988294132908 
6940850.987848835 512251.3387458574 2180103.215837993 2270.379608202635 -1042.029043298128 -6923.891971695379 
6968114.55696494 499454.7683259185 2095168.205521387 2183.28196991813 -1048.364325544659 -6950.730085336052 
6994309.746134671 486581.6194319919 2009911.157974698 2095.85359312284 -1054.538580729592 -6976.498623619434 
7019432.588013036 473633.8692378781 1924345.191798934 2008.107865918317 -1060.550880228832 -7001.193738130049 
7043479.279455881 460613.5061357783 1838483.471710523 1920.058223354854 -1066.400320076191 -7024.811744064811 
7066446.182082083 447522.529433553 1752339.206534704 1831.718145371227 -1072.086021102059 -7047.349120798892 
7088329.822810467 434362.9490503079 1665925.64719215 1743.101154725903 -1077.607129068066 -7068.802512424901 
7109126.894371345 421136.7852103552 1579256.084679166 1654.220814920127 -1082.96281479772 -7089.168728265211 
7128834.255792575 407846.0681356005 1492343.848041766 1565.090728113304 -1088.152274302967 -7108.444743357243 
7147448.932860062 394492.8377364055 1405202.302343987 1475.724533031121 -1093.174728906647 -7126.627698911557 
7164968.1185526 381079.1433009769 1317844.846630753 1386.135902866832 -1098.029425360814 -7143.714902742599 
7181389.173450974 367607.0431833314 1230284.911885636 1296.338543176147 -1102.715635960872 -7159.703829671958 
7196709.626121267 354078.6044898902 1142535.958983853 1206.346189766167 -1107.232658655514 -7174.592121904004 
7210927.173472273 340495.9027647524 1054611.476640828 1116.172606578825 -1111.579817152422 -7188.377589373777 
7224039.681086973 326861.0216737015 966524.9793566688 1025.831583569263 -1115.7564610197 -7201.058210067035 
7236045.183528004 313176.0526869945 878290.0053568948 935.336934579615 -1119.761965783022 -7212.632130312327 
7246941.884617073 299443.0947609903 789920.1145297607 844.7024952086565 -1123.595733018457 -7223.097665045028 
7256728.157688262 285664.2540186663 701428.8863605201 753.9421206777647 -1127.257190440953 -7232.453298043242 
7265402.545815193 271841.6434290793 612829.9178629743 663.0696836936698 -1130.745791988464 -7240.697682135497 
7272963.762012002 257977.3824858232 524136.8215086496 572.0990723084547 -1134.061017901683 -7247.829639380183 
7279410.689408101 244073.5968845368 435363.2231539517 481.0441877772709 -1137.202374799381 -7253.848161216668 
7284742.381396701 230132.4181995174 346522.7599656443 389.9189424142426 -1140.169395749315 -7258.752408588071 
7288958.061757074 216155.9835594925 257629.078344997 298.7372574470255 -1142.961640334708 -7262.541712035651 
7292057.124750547 202146.435322605 168695.8318509525 207.5130608704953 -1145.578694716274 -7265.215571764783 
7294039.135190211 188105.9207506665 79736.67912265887 116.260285300034 -1148.020171689773 -7266.773657682547 
7294903.828484348 174036.5916827333 -9234.718198283226 24.9928658248886 -1150.285710739106 -7267.2158094069 
7294651.11065358 159940.60420806 -98204.6975455129 -66.27526213792765 -1152.374978084909 -7266.542036247456 
7293281.058321753 145820.118338485 -187159.5975051918 -157.5301649887189 -1154.287666728671 -7264.752517157913 
7290793.918680559 131677.2976803039 -276085.7598925312 -248.7579130887055 -1156.023496492342 -7261.847600660138 
7287190.109427934 117514.3091056857 -364969.5318272164 -339.9445829016682 -1157.582214053451 -7257.827804739978 
7282470.218680243 103333.3224236861 -453797.2678073827 -431.0762591331698 -1158.963592975715 -7252.693816714842 
7276635.004858295 89136.51005091392 -542555.331781798 -522.1390368668866 -1160.167433735142 -7246.446493073122 
7269685.396547226 74926.04668190531 -631230.0992199066 -613.1190236975887 -1161.193563741638 -7239.08685928554 
7261622.492330281 60704.10895926135 -719807.9591793929 -704.002341860303 -1162.041837356113 -7230.616109588499 
7252447.560596564 46472.87514360335 -808275.3163709214 -794.7751303552043 -1162.712135903082 -7221.03560673955 
7242162.039322797 32234.5247834015 -896618.5932197125 -885.4235470677747 -1163.204367678796 -7210.346881745065 
7230767.535829155 17991.23838473146 -984824.2319236146 -975.9337708837817 -1163.518467954873 -7198.551633560258 
7218265.826509235 3745.197081013854 -1072878.696507336 -1066.292003798623 -1163.654398977472 -7185.651728761671 
7204658.85653425 -10501.41769720889 -1160768.474872496 -1156.484473020599 -1163.612149961998 -7171.649201192261 
7189948.739531495 -24746.42455240357 -1248480.08084317 -1246.497433067662 -1163.391737083368 -7156.546251579257 
7174137.757237197 -38987.64245003087 -1336000.056206584 -1336.317167857217 -1162.993203461841 -7140.345247124919 
7157228.359123823 -53222.89104832965 -1423314.972748633 -1425.929992788539 -1162.416619144432 -7123.048721070394 
7139223.162001933 -67449.99102784654 -1510411.434283906 -1515.322256817377 -1161.662081081927 -7104.659372232826 
7120124.94959669 -81666.76442065751 -1597276.078679867 -1604.480344522332 -1160.72971310153 -7085.180064515927 
7099936.672099124 -95871.03493922767 -1683895.579874894 -1693.390678162584 -1159.619665875135 -7064.613826394188 
7078661.44569225 -110060.6283048562 -1770256.649889833 -1782.039719726572 -1158.332116883282 -7042.963850370946 
7056302.552052174 -124233.3725756537 -1856346.040832771 -1870.413972971212 -1156.867270374788 -7020.233492410513 
7032863.437824281 -138387.0984739985 -1942150.546896683 -1958.499985451273 -1155.225357322105 -6996.426271344608 
7008347.714074648 -152519.6397134209 -2027657.00634967 -2046.284350538495 -1153.406635372409 -6971.545868253287 
6982759.155716795 -166628.8333248628 -2112852.303517452 -2133.753709430105 -1151.411388794467 -6945.596125820654 
6956101.700913916 -180712.5199822603 -2197723.37075783 -2220.894753146321 -1149.239928421307 -6918.581047665557 
6928379.450456726 -194768.5443273992 -2282257.190426789 -2307.694224516495 -1146.892591588709 -6890.504797647553 
6899596.667117056 -208794.7552939929 -2366440.79683597 -2394.138920153534 -1144.36974206957 -6861.371699148387 
6869757.774977352 -222789.0064309302 -2450261.278201179 -2480.215692416246 -1141.671770004166 -6831.186234329262 
6838867.358736233 -236749.1562246452 -2533705.778581671 -2565.911451359262 -1138.799091826341 -6799.953043364162 
6806930.162990235 -250673.0684205591 -2616761.499809894 -2651.21316667021 -1135.752150185675 -6767.676923649523 
6773951.091491937 -264558.6123435436 -2699415.703411415 -2736.1078695938 -1132.531413865647 -6734.36282899053 
6739935.2063846 -278403.6632173588 -2781655.712514742 -2820.582654842521 -1129.13737769786 -6700.015868764338 
6704887.727413502 -292206.1024830174 -2863468.913750765 -2904.624682493619 -1125.570562472333 -6664.641307060509 
6668814.031114129 -305963.8181160255 -2944842.759141532 -2988.221179872076 -1121.831514843936 -6628.244561798975 
6631719.649977409 -319674.7049424558 -3025764.767978088 -3071.359443419282 -1117.920807234978 -6590.831203825835 
6593610.271592145 -333336.6649538039 -3106222.528687119 -3154.026840547131 -1113.839037734018 -6552.406955987293 
6554491.737764846 -346947.6076205833 -3186203.70068611 -3236.210811477261 -1109.586829990923 -6512.977692182061 
6514370.043617133 -360505.4502046128 -3265696.016226791 -3317.89887106518 -1105.164833108227 -6472.54943639255 
6473251.336660903 -374008.1180699514 -3344687.282226577 -3399.078610609018 -1100.573721528834 -6431.128361695165 
6431141.915851443 -387453.5449924358 -3423165.382087774 -3479.737699642669 -1095.814194920109 -6388.720789250045 
6388048.230618689 -400839.6734677777 -3501118.277504288 -3559.863887713082 -1090.886978054411 -6345.333187270568 
6343976.879876826 -414164.4550181761 -3578534.010255598 -3639.445006141486 -1085.792820686103 -6300.972169972967 
6298934.611012418 -427425.8504974031 -3655400.703987749 -3718.468969768319 -1080.532497425103 -6255.644496506383 
6252928.318851283 -440621.8303943207 -3731706.565981122 -3796.923778681675 -1075.106807607007 -6209.357069863701 
6205965.044604304 -453750.3751347857 -3807439.888904762 -3874.79751992906 -1069.51657515985 -6162.116935773509 
6158051.974792387 -466809.4753819049 -3882589.052557024 -3952.078369212283 -1063.762648467542 -6113.931281573517 
6109196.440150772 -479797.1323345963 -3957142.525592306 -4028.754592565293 -1057.845900230036 -6064.807435065793 
6059405.914512909 -492711.3580244199 -4031088.867233669 -4104.814548014821 -1051.767227320274 -6014.752863354131 
6008688.013674106 -505550.1756106372 -4104416.72897111 -4180.246687223638 -1045.527550637967 -5963.775171663943 
5957050.494235167 -518311.619673461 -4177114.856245278 -4255.039557116327 -1039.127814960253 -5911.882102144961 
5904501.252426239 -530993.7365054588 -4249172.090116436 -4329.181801487385 -1032.568988789292 -5859.081532657143 
5851048.322911065 -543594.5844010711 -4320577.368918448 -4402.662162591577 -1025.852064196845 -5805.381475540098 
5796699.877571893 -556112.2339442086 -4391319.729897612 -4475.469482716388 -1018.97805666588 -5750.790076366387 
5741464.22427523 -568544.7682938932 -4461388.310836122 -4547.592705736495 -1011.948004929277 -5695.315612679032 
5685349.805618686 -580890.2834679055 -4530772.351659986 -4619.020878650143 -1004.762970805665 -5638.966492713572 
5628365.197659105 -593146.8886244058 -4599461.1960312 -4689.743153097344 -997.4240390324455 -5581.75125410502 
5570519.108622237 -605312.7063414943 -4667444.292924004 -4759.748786859838 -989.9323170960655 -5523.678562580037 
5511820.377594146 -617385.8728946757 -4734711.198185035 -4829.027145342709 -982.2889350595721 -5464.757210634661 
5452277.973194594 -629364.5385321965 -4801251.576077208 -4897.567703037638 -974.4950453875161 -5404.996116197935 
5391900.992232626 -641246.8677482237 -4867055.200807147 -4965.360044967721 -966.5518227682467 -5344.404321281747 
5330698.658344577 -653031.0395538301 -4932111.958036005 -5032.393868113805 -958.4604639336474 -5282.9909906172 
5268680.320614727 -664715.2477457589 -4996411.846373507 -5098.658982822326 -950.2221874763668 -5220.765410277857 
5205855.452178839 -676297.7011729352 -5059944.978855063 -5164.145314194611 -941.83823366459 -5157.736986290151 
5142233.648810792 -687776.6240006943 -5122701.584401786 -5228.842903457636 -933.3098642544008 -5093.915243231287 
5077824.627492559 -699150.2559726987 -5184672.009263271 -5292.741909316221 -924.6383622997834 -5029.309822814933 
5012638.224967731 -710416.8526705151 -5245846.718442982 -5355.832609286672 -915.82503196031 -4963.930482465015 
4946684.396278832 -721574.6857708218 -5306216.297106117 -5418.105401011871 -906.871198306563 -4897.787093877903 
4879973.213288645 -732622.0433002218 -5365771.451969786 -5479.550803557825 -897.7782071233365 -4830.889641573276 
4812514.863185784 -743557.2298876318 -5424503.012675391 -5540.15945869171 -888.5474247106645 -4763.24822143397 
4744319.646974719 -754378.5670142231 -5482401.933143055 -5599.922132141411 -879.1802376827183 -4694.873039235066 
4675397.977950509 -765084.3932608864 -5539459.292907986 -5658.829714836621 -869.6780527646204 -4625.774409162518 
4605760.380158439 -775673.0645531981 -5595666.298438633 -5716.873224131527 -860.0422965872153 -4555.96275232156 
4535417.486838813 -786142.9544038597 -5651014.284436526 -5774.043805009118 -850.2744154798412 -4485.448595235181 
4464380.0388571 -796492.4541525899 -5705494.71511767 -5830.332731267197 -840.3758752611431 -4414.242568332899 
4392658.883119686 -806719.9732034426 -5759099.18547538 -5885.731406686125 -830.3481610279688 -4342.35540443011 
4320264.97097543 -816823.9392595295 -5811819.422524443 -5940.231366178376 -820.1927769423866 -4269.797937198215 
4247209.356603263 -826802.7985551232 -5863647.286526489 -5993.824276919971 -809.9112460168626 -4196.581099625797 
4173503.195386044 -836655.0160851198 -5914574.772196478 -6046.501939463852 -799.5051098976371 -4122.715922471049 
4099157.742270892 -846379.0758318384 -5964594.009890178 -6098.256288835293 -788.9759286463333 -4048.213532705683 
4024184.350116219 -855973.4809891356 -6013697.266772549 -6149.079395609406 -778.3252805198366 -3973.08515195052 
3948594.468025685 -865436.7541838151 -6061876.947966914 -6198.963466970834 -767.5547617484767 -3897.342094902987 
3872399.639669276 -874767.4376943118 -6109125.59768484 -6247.90084775573 -756.6659863125452 -3820.995767756686 
3795611.501591742 -883964.0936666287 -6155435.900336616 -6295.884021476095 -745.6605857171818 -3744.057666613248 
3718241.781508602 -893025.3043275087 -6200800.68162224 -6342.905611326572 -734.5402087656583 -3666.539375886641 
3640302.296589922 -901949.6721948206 -6245212.909602827 -6388.958381173799 -723.3065213310905 -3588.452566700094 
3561804.951732096 -910735.8202851414 -6288665.695752351 -6434.035236528405 -711.9612061266046 -3509.808995275826 
3482761.737817825 -919382.3923185142 -6331152.295989613 -6478.129225499753 -700.5059624739866 -3430.620501317707 
3403184.729964517 -927888.0529203657 -6372666.111690386 -6521.233539733531 -688.9425060708392 -3350.89900638701 
3323086.085761307 -936251.4878205633 -6413200.690679619 -6563.341515332282 -677.2725687562695 -3270.656512271402 
3242478.04349492 -944471.4040495944 -6452749.728203634 -6604.446633758983 -665.4978982751323 -3189.905099347284 
3161372.920364565 -952546.5301318518 -6491307.067882235 -6644.542522723759 -653.6202580408487 -3108.656924935617 
3079783.110686081 -960475.6162760052 -6528866.70264065 -6683.622957053848 -641.6414268968208 -3026.924221651344 
2997721.084085532 -968257.4345624438 -6565422.77562122 -6721.681859546897 -629.5631988764619 -2944.719295746512 
2915199.38368246 -975890.7791277728 -6600969.581074771 -6758.713301807701 -617.3873829618592 -2862.05452544719 
2832230.624262987 -983374.4663463468 -6635501.565231583 -6794.711505068473 -605.1158028410853 -2778.94235928428 
2748827.490442986 -990707.3350088232 -6669013.327151886 -6829.670840992738 -592.7502966641732 -2695.395314418293 
2665002.734821497 -997888.2464977206 -6701499.619555816 -6863.585832462943 -580.29271679777 -2611.425974958172 
2580769.176124611 -1004916.084959965 -6732955.349632742 -6896.451154351879 -567.7449295784787 -2527.046990274218 
2496139.69734 -1011789.757476409 -6763375.57982991 -6928.261634277984 -555.1088150649023 -2442.271073305194 
2411127.243842301 -1018508.194228304 -6792755.528620324 -6959.012253344627 -542.3862667883977 -2357.110998859637 
2325744.821509549 -1025070.348660719 -6821090.571249791 -6988.69814686344 -529.5791915025499 -2271.579601911437 
2240005.494830845 -1031475.197642881 -6848376.240463069 -7017.314605061783 -516.6895089313712 -2185.689775889715 
2153922.385005466 -1037721.74162542 -6874608.227209036 -7044.857073774392 -503.7191515162348 -2099.454470963026 
2067508.668033601 -1043809.004794519 -6899782.381324829 -7071.321155119299 -490.670064161545 -2012.886692317917 
1980777.572798907 -1049736.035222932 -6923894.712198858 -7096.702608158073 -477.5442039791485 -1925.999498431849 
1893742.379143074 -1055501.905017873 -6946941.389412657 -7120.997349540431 -464.3435400314907 -1838.805999340495 
1806416.415932604 -1061105.710465745 -6968918.743361474 -7144.201454133286 -451.0700530735167 -1751.319354899421 
1718813.059117973 -1066546.572173709 -6989823.265853547 -7166.311155634254 -437.7257352933183 -1663.552773040143 
1630945.729785379 -1071823.635208067 -7009651.610688005 -7187.322847169668 -424.3125900515267 -1575.51950802056 
1542827.892201266 -1076936.069229443 -7028400.594211294 -7207.233081877138 -410.8326316194485 -1487.232858669738 
1454473.051849813 -1081883.068624755 -7046067.195852104 -7226.038573472661 -397.2878849159434 -1398.706166627038 
1365894.753463563 -1086663.85263596 -7062648.558634678 -7243.73619680231 -383.6803852430388 -1309.952814575565 
1277106.579047403 -1091277.665485545 -7078141.989670479 -7260.322988378514 -370.0121780202784 -1220.986224469895 
1188122.145896068 -1095723.776498769 -7092544.960628108 -7275.796146900919 -356.2853185177988 -1131.81985575808 
1098955.104605366 -1100001.48022262 -7105855.108181432 -7290.153033761829 -342.5018715881278 -1042.46720359786 
1009619.1370773 -1104110.096541486 -7118070.234435824 -7303.391173536222 -328.6639113966986 -952.9417970670709 
920127.9545192984 -1108048.970789518 -7129188.307332468 -7315.5082544563 -314.7735211510717 -863.2571973681963 
830495.2954377211 -1111817.473859668 -7139207.461030643 -7326.502128870558 -300.832792828857 -773.426996027018 
740734.9236258414 -1115415.002309389 -7148125.996267909 -7336.370813687323 -286.8438269043269 -683.464813085323 
650860.6261464962 -1118840.978462981 -7155942.380698147 -7345.112490802716 -272.8087320737116 -593.3842952876169 
560886.2113095893 -1122094.850510563 -7162655.249207342 -7352.725507512985 -258.7296249791673 -503.1991142617939 
470825.5066446442 -1125176.09260366 -7168263.404207067 -7359.208376911137 -244.6086299314066 -412.9229646937139 
380692.356868596 -1128084.204947385 -7172765.815905577 -7364.559778267789 -230.4478786309809 -322.5695624956328 
290500.621849019 -1130818.713889198 -7176161.622556441 -7368.778557396165 -216.2495098882049 -232.1526429684365 
200264.1745629817 -1133379.172004235 -7178450.130684641 -7371.863727001134 -202.0156693417111 -141.6859589576254 
109996.8990517283 -1135765.158177169 -7179630.815290043 -7373.81446701219 -187.7485091756245 -51.18327900299853 
19712.68837138067 -1137976.277680618 -7179703.320028191 -7374.630124900256 -173.4501878353451 39.34161451801316 
-70574.55746013713 -1140012.162250049 -7178667.45736832 -7374.310215978196 -159.1228697419282 129.8749272534128 
-160850.9335197542 -1141872.470155183 -7176523.208728527 -7372.854423684889 -144.7687250050514 220.4028547461509 
-251102.5320392843 -1143556.88626788 -7173270.724588006 -7370.262599852746 -130.3899291345559 310.9115843101299 
-341315.4444686302 -1145065.122126477 -7168910.324576284 -7366.534764958488 -115.9886627505532 401.3872969127429 
-431475.7635419559 -1146396.915996575 -7163442.497539361 -7361.671108357045 -101.5671112920854 491.8161690639848 
-521569.5853466168 -1147552.032928244 -7156867.901582685 -7355.6719884984 -87.12746472432957 582.1843747121725 
-611583.0113946414 -1148530.264809635 -7149187.364090877 -7348.537933127192 -72.67191724433597 672.4780871463039 
-701502.1506965483 -1149331.430416987 -7140401.881724122 -7340.26963946489 -58.20266698529112 762.6834809050843 
-791313.1218372871 -1149955.375460997 -7130512.620391152 -7330.867974374347 -43.7219157192968 852.7867336926408 
-881002.0550540845 -1150401.972629544 -7119520.915198727 -7320.333974506506 -29.23186855865691 942.7740283009429 
-970555.0943159765 -1150671.121626748 -7107428.270377541 -7308.668846429066 -14.73473365566469 1032.631554538938 
-1059958.399404804 -1150762.749208342 -7094236.359184473 -7295.873966736858 -0.2327219008836448 1122.345511168407 
-1149198.147997446 -1150676.809213343 -7079947.023781089 -7281.950882143707 14.27195338008372 1211.902107846544 
-1238260.537749064 -1150413.282592003 -7064562.275088325 -7266.901309555537 28.77707673134412 1301.287567075235 
-1327131.788377127 -1149972.17743001 -7048084.292617261 -7250.727136124467 43.28043087298286 1390.488126157039 
-1415798.143745975 -1149353.528968946 -7030515.424275908 -7233.430419283622 57.779797008857 1479.49003915783 
-1504245.873951696 -1148557.39962295 -7011858.186151924 -7215.013386762421 72.2729551359142 1568.279578876081 
-1592461.277407066 -1147583.878991598 -6992115.262271184 -7195.478436582035 86.75768435503782 1656.843038818731 
-1680430.68292631 -1146433.083868962 -6971289.504332113 -7174.828137030754 101.2317631834175 1745.166735183601 
-1768140.451809441 -1145105.158248836 -6949383.931415716 -7153.065226618957 115.6929698684429 1833.23700884829 
-1855576.979925914 -1143600.273326109 -6926401.729671209 -7130.192614013403 130.139082703118 1921.040227365479 
-1942726.699797356 -1141918.627494269 -6902346.25197719 -7106.213377950524 144.5678803429899 2008.562786964565 
-2029576.082679096 -1140060.446339017 -6877221.017578266 -7081.130767128425 158.9771421245863 2095.791114559534 
-2116111.64064025 -1138025.98262797 -6851029.711697051 -7054.948200077266 173.3646483853534 2182.711669762965 
-2202319.928642075 -1135815.516296446 -6823776.185121482 -7027.669265007709 187.728180785085 2269.310946906065 
-2288187.546614339 -1133429.354429292 -6795464.453767357 -6999.297719637106 202.0655226288296 2355.575477064581 
-2373701.141529422 -1130867.831238765 -6766098.698216039 -6969.837490993091 216.3744591912652 2441.49183009049 
-2458847.409473875 -1128131.308038416 -6735683.263227249 -6939.292675194258 230.6527780425231 2527.046616649279 
-2543613.097717145 -1125220.173212992 -6704222.65722689 -6907.667537207564 244.8982693754469 2612.226490262677 
-2627985.006777198 -1122134.842184312 -6671721.551769817 -6874.966510582141 259.1087263342652 2697.018149356656 
-2711949.99248272 -1118875.757373114 -6638184.780977514 -6841.19419715915 273.2819453446592 2781.408339314507 
-2795494.968031636 -1115443.388156853 -6603617.340950595 -6806.355366757348 287.4157264451999 2865.383854534796 
-2878606.906045611 -1111838.230823432 -6568024.389156091 -6770.454956834017 301.507873620132 2948.931540493982 
-2961272.840620265 -1108060.808520853 -6531411.243789445 -6733.498072120898 315.5561951334749 3032.038295813463 
-3043479.869370758 -1104111.671202762 -6493783.383111184 -6695.489984234785 329.5585038644132 3114.691074330814 
-3125215.155472463 -1099991.395569895 -6455146.444758207 -6656.436131262436 343.5126176439443 3196.876887174952 
-3206465.929696396 -1095700.585007376 -6415506.225029632 -6616.342117319437 357.4163595927482 3278.582804844962 
-3287219.49243908 -1091239.869517887 -6374868.678147195 -6575.213712082683 371.2675584602446 3359.795959292287 
-3367463.215746521 -1086609.905650672 -6333239.915490109 -6533.056850296117 385.0640489647979 3440.503546005999 
-3447184.545331978 -1081811.376426367 -6290626.204804397 -6489.877631249394 398.8036721350286 3520.692826100811 
-3526371.002587169 -1076844.991257657 -6247033.96938664 -6445.682318229113 412.4842756521888 3600.351128407521 
-3605010.186586596 -1071711.485865715 -6202469.787242113 -6400.477337942287 426.1037141935549 3679.465851565532 
-3683089.776084639 -1066411.622192452 -6156940.390217297 -6354.269279911709 439.65984977679 3758.024466117083 
-3760597.531505074 -1060946.18830853 -6110452.663106744 -6307.064895842882 453.1505521052246 3836.014516602831 
-3837521.296922665 -1055315.99831715 -6063013.642734273 -6258.871098962189 466.5736989140029 3913.423623658376 
-3913849.002036469 -1049521.892253594 -6014630.517008501 -6209.694963325972 479.9271763170386 3990.239486111337 
-3989568.664134514 -1043564.735980516 -5965310.623952691 -6159.543723100216 493.2088791547226 4066.449883078556 
-4064668.390049467 -1037445.42107897 -5915061.450708936 -6108.424771810514 506.4167113423213 4142.04267606299 
-4139136.378104941 -1031164.864735171 -5863890.632516661 -6056.345661562022 519.5485862190029 4217.00581104985 
-4212960.920052059 -1024724.009622979 -5811805.95166548 -6003.314102229096 532.6024268974256 4291.32732060152 
-4286130.402995924 -1018123.823782095 -5758815.336422412 -5949.337960614341 545.5761666138201 4364.995325950772 
-4358633.311311591 -1011365.300491979 -5704926.859933477 -5894.425259576778 558.4677490784954 4437.9980390918 
-4430458.228549178 -1004449.458141459 -5650148.739099717 -5838.584177128863 571.2751288266959 4510.323764868551 
-4501593.839327733 -997377.3400940606 -5594489.333427656 -5781.823045502115 583.9962715697318 4581.96090305984 
-4572028.931217469 -990150.0145490202 -5537957.14385427 -5724.150350181072 596.6291545463089 4652.89795046072 
-4641752.39660997 -982768.5743980065 -5480560.811546483 -5665.574728905379 609.1717668739741 4723.123502959551 
-4710753.234575988 -975234.1370775349 -5422309.116675278 -5606.104970639745 621.6221099005954 4792.62625761021 
-4779020.55271043 -967547.8444170791 -5363210.977164461 -5545.750014511582 633.9781975557923 4861.395014698882 
-4846543.568964142 -959710.8624828818 -5303275.447414161 -5484.51894871611 646.2380567022275 4929.418679804824 
-4913311.613462086 -951724.381417465 -5242511.716999135 -5422.421009388748 658.3997274866721 4996.686265854527 
-4979314.130307506 -943589.6152748449 -5180929.109341978 -5359.465579444619 670.4612636907522 5063.186895168652 
-5044540.679371694 -935307.8018514537 -5118537.080361308 -5295.662187385002 682.4207330812827 5128.909801501127 
-5108980.938068932 -926880.2025127766 -5055345.217095042 -5231.020506070596 694.276217760093 5193.844332069771 
-5172624.703116213 -918308.1020157088 -4991363.236298869 -5165.55035146146 706.0258145132457 5257.979949577801 
-5235461.892277332 -909592.8083266414 -4926600.98302003 -5099.261681323524 717.6676351595498 5321.306234225577 
-5297482.546090935 -900735.6524352852 -4861068.429146527 -5032.164593901564 729.1998068982657 5383.812885711915 
-5358676.829582117 -891737.9881642425 -4794775.671931907 -4964.26932655857 740.6204726558973 5445.489725224302 
-5419035.033957148 -882601.1919743406 -4727732.932495739 -4895.586254381439 751.9277914319674 5506.326697417326 
-5478547.578280936 -873326.6627657373 -4659950.55429996 -4826.125888752953 763.1199386436685 5566.313872378647 
-5537205.011136785 -863915.821674815 -4591439.001601213 -4755.898875890005 774.1951064692789 5625.441447581798 
-5594998.012268061 -854370.1118668782 -4522208.857879375 -4684.915995348079 785.1515041902354 5683.699749825125 
-5651917.394201335 -844690.9983246719 -4452270.824242431 -4613.188158491979 795.9873585317491 5741.07923715614 
-5707954.103850599 -834879.9676327391 -4381635.717807875 -4540.726406932841 806.7009140018514 5797.5705007806 
-5763099.224102145 -824938.5277576381 -4310314.470060848 -4467.541910931485 817.2904332287554 5853.164266955558 
-5817343.975379678 -814868.2078240397 -4238318.125189186 -4393.645967768161 827.7541972964167 5907.851398865681 
-5870679.717189278 -804670.5578867279 -4165657.838395615 -4319.050000078787 838.0905060781756 5961.622898482109 
-5923097.949643777 -794347.1486985282 -4092344.874187291 -4243.765554157778 848.2976785683639 6014.469908403092 
-5974590.314966163 -783899.5714741898 -4018390.60464292 -4167.804298227609 858.3740532117554 6066.383713675707 
-6025148.598971588 -773329.4376502465 -3943806.507657703 -4091.178020675249 868.3179882307404 6117.355743597891 
-6074764.732527585 -762638.3786408884 -3868604.165166329 -4013.898628255636 878.1278619501047 6167.377573500052 
-6123430.792992092 -751828.0455898708 -3792795.261344299 -3935.978144262394 887.8020731192888 6216.440926505526 
-6171139.005628875 -740900.1091184951 -3716391.580787818 -3857.428706665999 897.3390412320074 6264.537675269132 
-6217881.744999965 -729856.2590696933 -3639405.006672545 -3778.26256621962 906.7372068431052 6311.659843693077 
-6263651.536334699 -718698.2042482493 -3561847.51889148 -3698.492084532911 915.9950318825275 6357.79960861949 
-6308441.056874995 -707427.6721571962 -3483731.19217227 -3618.129732114009 925.1109999662795 6402.949301498822 
-6352243.137196452 -696046.4087304251 -3405068.194174243 -3537.188086380045 934.0836167042539 6447.101410033396 
-6395050.762504908 -684556.178061544 -3325870.783565479 -3455.679829636495 942.911410004802 6490.248579795358 
-6436857.073908066 -672958.76212903 -3246151.308080228 -3373.617747025702 951.5929303759236 6532.383615818314 
-6477655.369661818 -661255.9605177139 -3165922.202557005 -3291.014724444935 960.1267512229562 6573.49948416192 
-6517439.106390897 -649449.5901366431 -3085195.986957708 -3207.883746434374 968.511469142635 6613.589313448704 
-6556201.900283487 -637541.484933367 -3003985.264368082 -3124.237894035423 976.7457042134074 6652.646396372416 
-6593937.528259431 -625533.495604691 -2922302.718979906 -3040.090342619779 984.8281002818753 6690.664191177187 
-6630639.929111691 -613427.4893039488 -2840161.114055241 -2955.454359689706 992.7573252452456 6727.636323106806 
-6666303.204620695 -601225.3493448412 -2757573.28987313 -2870.343302649982 1000.532071329669 6763.556585823429 
-6700921.620641236 -588928.9749018928 -2674552.161659117 -2784.770616552017 1008.151055364345 6798.418942795017 
-6734489.608161589 -576540.2807075798 -2591110.717497973 -2698.74983181064 1015.613019051282 6832.217528650858 
-6767001.764334505 -564061.1967461822 -2507262.016230023 -2612.294561894098 1022.916729230575 6864.946650504487 
-6798452.853479764 -551493.6679444155 -2423019.185331484 -2525.418500987815 1030.06097814112 6896.600789243366 
-6828837.80805797 -538839.6538589003 -2338395.418779219 -2438.135421632478 1037.044583676606 6927.174600784675 
-6858151.729615269 -526101.1283605263 -2253403.974900323 -2350.459172337051 1043.866389636709 6956.662917296596 
-6886389.889698698 -513280.0793157707 -2168058.174206977 -2262.403675167316 1050.525265973354 6985.060748384466 
-6913547.730741863 -500378.5082650334 -2082371.397216992 -2173.982923310581 1057.020109031944 7012.3632822412 
-6939620.866920657 -487398.4300980491 -1996357.082260496 -2085.210978617193 1063.349841787437 7038.5658867614 
-6964605.084978737 -474341.8727264417 -1910028.723273201 -1996.101969119532 1069.513414075187 7063.664110618573 
-6988496.345022502 -461210.8767534851 -1823399.867576713 -1906.670086529158 1075.509802816411 7087.653684304899 
-7011290.781285288 -448007.4951411371 -1736484.113646345 -1816.929583712822 1081.338012238208 7110.530521133021 
-7032984.702860538 -434733.7928744127 -1649295.108866894 -1726.89477214805 1086.997074088019 7132.290718199314 
-7053574.594403704 -421391.8466231676 -1561846.547276874 -1636.580019359045 1092.486047842424 7152.930557308131 
-7073057.116802634 -407983.744401359 -1474152.167301665 -1545.99974633364 1097.80402091019 7172.446505856549 
-7091429.107816228 -394511.5852238577 -1386225.749476078 -1455.168424922084 1102.950108829473 7190.835217679127 
-7108687.582681134 -380977.4787608811 -1298081.114156823 -1364.100575218425 1107.92345545908 7208.093533852228 
-7124829.734686288 -367383.5449901212 -1209732.119225384 -1272.810762925297 1112.723233163707 7224.218483457475 
-7139852.935715087 -353731.9138466429 -1121192.657781795 -1181.313596702904 1117.34864299307 7239.207284303923 
-7153754.736755016 -340024.7248706268 -1032476.655829827 -1089.623725503034 1121.798914854839 7253.057343608556 
-7166532.868374553 -326264.1268530321 -943598.0699541097 -997.755835888924 1126.073307681302 7265.766258634727 
-7178185.241167164 -312452.2774792591 -854570.8849896837 -905.7246493418272 1130.171109589681 7277.331817288204 
-7188709.946162267 -298591.3429708873 -765409.1116845279 -813.5449195551295 1134.091638036023 7287.751998670474 
-7198105.25520297 -284683.4977255699 -676126.7843555688 -721.2314297168871 1137.834239962605 7297.024973589008 
-7206369.621290499 -270730.9239551625 -586737.9585387101 -628.7989897816548 1141.398291938777 7305.149105024196 
-7213501.678895139 -256735.8113221691 -497256.7086334121 -536.2624337324889 1144.783200295177 7312.122948552676 
